[1] 12283
Running MCMC for initial position
Best position from initial search:  [ -2.87004496   0.07570323   5.64347685   7.40793246   7.82274315
  -2.94162941 -26.87237794]
Running full MCMC fit
Acceptance fraction: [ 0.257       0.31766667  0.26966667  0.28766667  0.30633333  0.29233333
  0.32066667  0.33166667  0.315       0.297       0.32566667  0.286       0.296
  0.31166667  0.30733333  0.27        0.29233333  0.31766667  0.272       0.266
  0.32166667  0.323       0.28766667  0.26233333  0.257       0.292       0.304
  0.27633333  0.32766667  0.273       0.27133333  0.319       0.31
  0.27233333  0.25533333  0.30466667  0.28966667  0.26466667  0.27833333
  0.26533333  0.346       0.29933333  0.28566667  0.26133333  0.28833333
  0.31466667  0.28833333  0.28266667  0.31566667  0.302       0.23433333
  0.308       0.27866667  0.278       0.22466667  0.21833333  0.26933333
  0.29766667  0.21933333  0.30566667  0.31766667  0.263       0.28566667
  0.32166667  0.28133333  0.275       0.31766667  0.27933333  0.30133333
  0.294       0.298       0.29733333  0.287       0.26266667  0.27633333
  0.213       0.257       0.28        0.265       0.29933333  0.293
  0.26966667  0.29866667  0.23933333  0.279       0.25733333  0.30066667
  0.283       0.286       0.24966667  0.25933333  0.314       0.28966667
  0.25266667  0.311       0.30833333  0.29033333  0.287       0.27366667
  0.27033333]
MCMC:  (-2.8554995552059812, 0.10963796310692331, 0.098448515919170809) (0.0086816083645094681, 0.014351329680910505, 0.0065164313477189609) (5.3908244227842443, 3.2347455826999303, 3.4993667100723309) (7.1428283321298229, 0.40486112711474931, 0.64308537862990445) (8.0641814888461187, 0.33251455188019463, 0.38652753344554291) (-10.459235479109585, 6.1896318736019609, 6.3217992894742085) (-26.810732137895613, 0.046222133528893039, 0.037247624637959831)
10.9432158387
nan
redoGupta's age for SN18749:  10.9432158387
Running MCMC for initial position
Best position from initial search:  [ -2.39956114   0.36073054   5.66656112   8.07190207  12.63909517
  11.38218935 -23.50295228]
Running full MCMC fit
Acceptance fraction: [ 0.321       0.37966667  0.40933333  0.34966667  0.38033333  0.366
  0.31733333  0.38233333  0.395       0.38866667  0.364       0.39166667
  0.37266667  0.359       0.35133333  0.37833333  0.22266667  0.33733333
  0.35166667  0.37033333  0.348       0.27333333  0.38066667  0.376
  0.29933333  0.32833333  0.36833333  0.39233333  0.37133333  0.35866667
  0.35733333  0.34533333  0.344       0.362       0.37433333  0.33866667
  0.32633333  0.362       0.37        0.382       0.37        0.36466667
  0.35        0.37266667  0.367       0.38766667  0.34466667  0.35533333
  0.383       0.403       0.374       0.36666667  0.355       0.35433333
  0.35366667  0.32933333  0.347       0.32633333  0.36333333  0.348
  0.37233333  0.33633333  0.37        0.36233333  0.33433333  0.372
  0.35066667  0.407       0.38133333  0.365       0.36866667  0.37633333
  0.385       0.359       0.35866667  0.39933333  0.34566667  0.343       0.393
  0.35133333  0.365       0.375       0.34566667  0.359       0.38533333
  0.32866667  0.35633333  0.37966667  0.355       0.35133333  0.332
  0.37133333  0.34533333  0.37233333  0.38366667  0.32266667  0.355
  0.38766667  0.35933333  0.36266667]
MCMC:  (-2.8723535234572544, 0.10020326443726768, 0.086684748764799036) (0.4862639736490158, 0.024209075050531104, 0.023524940098526403) (8.1981463011463536, 1.2960894082680134, 1.9600780308750565) (7.4144607330657823, 0.54396567528707251, 0.58609665500062391) (12.786465275225776, 0.0084083881277852157, 0.0090009624704947555) (19.902343717109805, 0.072189503090758222, 0.15639712146414553) (-23.925114564664845, 0.043200958522820798, 0.04438148472284098)
9.44049928388
9.44049928388
redoGupta's age for SN18751:  9.44049928388
Running MCMC for initial position
Best position from initial search:  [ -2.72738408   0.10113121   7.0928782    8.02732622   8.21963923
 -13.4151958  -26.37268764]
Running full MCMC fit
Acceptance fraction: [ 0.32        0.329       0.333       0.34666667  0.37333333  0.35433333
  0.35066667  0.34266667  0.35733333  0.36233333  0.32        0.31733333
  0.319       0.33433333  0.395       0.362       0.321       0.32166667
  0.35266667  0.34766667  0.355       0.35366667  0.32933333  0.352
  0.35666667  0.33966667  0.33766667  0.33466667  0.354       0.333
  0.34466667  0.297       0.34533333  0.34033333  0.30233333  0.35733333
  0.33533333  0.36766667  0.38666667  0.36233333  0.352       0.34        0.368
  0.319       0.31166667  0.318       0.36033333  0.31466667  0.34166667
  0.32        0.33933333  0.36333333  0.382       0.36133333  0.351
  0.36333333  0.34666667  0.34066667  0.36566667  0.33233333  0.354       0.331
  0.38066667  0.345       0.35733333  0.33233333  0.36333333  0.32866667
  0.34266667  0.36033333  0.35666667  0.36        0.35166667  0.33266667
  0.32666667  0.331       0.338       0.36033333  0.34633333  0.35733333
  0.35466667  0.33433333  0.353       0.33266667  0.36733333  0.39566667
  0.35        0.362       0.34966667  0.337       0.34433333  0.376
  0.33433333  0.359       0.34333333  0.371       0.36233333  0.27466667
  0.352       0.329     ]
MCMC:  (-2.8393722156623347, 0.12076387447332237, 0.11069231159247472) (0.17689552098778702, 0.09701535216486365, 0.092286545095184511) (5.1516846812037018, 3.2690614905796513, 3.3250418139087712) (8.071259270407575, 0.1050605022543678, 0.17290958925976074) (8.2449953473379232, 0.080762339295947783, 0.067528810398679084) (-12.230018580321705, 5.7724244115469849, 5.2540492112965822) (-26.434532844440483, 0.10251760693451217, 0.1093766941059684)
9.70851294171
nan
redoGupta's age for SN18782:  9.70851294171
Running MCMC for initial position
Best position from initial search:  [ -2.96127551   0.42387488   4.63596887   1.23097424  12.20956846
  17.12948265 -24.08460536]
Running full MCMC fit
Acceptance fraction: [ 0.37966667  0.40266667  0.37266667  0.39566667  0.36066667  0.363
  0.38566667  0.397       0.36666667  0.378       0.376       0.34866667
  0.38466667  0.38133333  0.40666667  0.378       0.381       0.41933333
  0.38366667  0.37033333  0.37466667  0.361       0.35033333  0.39566667
  0.36133333  0.398       0.38033333  0.387       0.396       0.412
  0.33266667  0.369       0.38766667  0.35566667  0.38466667  0.38766667
  0.37366667  0.38        0.37066667  0.41933333  0.38166667  0.39533333
  0.422       0.36666667  0.41        0.37        0.39333333  0.354
  0.37633333  0.396       0.403       0.41666667  0.423       0.38266667
  0.38        0.38766667  0.37833333  0.35133333  0.40133333  0.379
  0.43166667  0.37966667  0.38366667  0.37366667  0.361       0.391
  0.38066667  0.39666667  0.39966667  0.40666667  0.34033333  0.396       0.391
  0.37766667  0.35033333  0.363       0.40833333  0.36833333  0.38233333
  0.39766667  0.411       0.39        0.425       0.36833333  0.38366667
  0.39366667  0.381       0.39366667  0.37766667  0.388       0.38966667
  0.396       0.34133333  0.395       0.381       0.37233333  0.37466667
  0.36466667  0.39566667  0.36833333]
MCMC:  (-2.8834096940482503, 0.099360889338081293, 0.080028328457069975) (0.47516076417805242, 0.019184996269525134, 0.018493731079892162) (9.2663914140156969, 0.53855532986328036, 1.008008613211107) (6.9596203139752308, 0.56317263458092803, 0.60538583781572619) (12.826102606808336, 0.007632294456620059, 0.0078925197573553874) (19.951761151769151, 0.035783491925204913, 0.08230065959111954) (-23.928682877741146, 0.046912590436622992, 0.04741113589295054)
9.15662967221
9.15662967221
redoGupta's age for SN18890:  9.15662967221
Running MCMC for initial position
Best position from initial search:  [ -0.10188301   0.11367661   7.81018149   1.0233577    4.53109325
 -19.84185617 -26.73431315]
Running full MCMC fit
Acceptance fraction: [ 0.17866667  0.202       0.18866667  0.10633333  0.181       0.19866667
  0.218       0.174       0.203       0.223       0.207       0.18566667
  0.17933333  0.15133333  0.17466667  0.20233333  0.199       0.19166667
  0.199       0.18033333  0.18266667  0.19066667  0.192       0.13833333
  0.188       0.198       0.19966667  0.17433333  0.18933333  0.173       0.175
  0.17366667  0.18433333  0.19333333  0.20733333  0.12833333  0.17333333
  0.151       0.181       0.17566667  0.173       0.157       0.18933333
  0.17933333  0.20233333  0.10933333  0.17966667  0.18533333  0.17933333
  0.19766667  0.14366667  0.14533333  0.208       0.165       0.19533333
  0.201       0.21633333  0.189       0.21033333  0.18066667  0.21066667
  0.20966667  0.193       0.20066667  0.18033333  0.18        0.2
  0.13366667  0.199       0.195       0.206       0.135       0.19866667
  0.174       0.177       0.206       0.179       0.20833333  0.18966667
  0.03566667  0.137       0.175       0.16533333  0.20766667  0.207
  0.19366667  0.21266667  0.17666667  0.18933333  0.17533333  0.19733333
  0.195       0.185       0.195       0.211       0.22333333  0.2
  0.19866667  0.17166667  0.22233333]
MCMC:  (-0.45807234368508087, 0.5784060775278459, 0.87953526850820007) (0.42983688079466342, 0.58972684697226441, 0.32200388464763618) (5.1798846681927984, 3.430793302786693, 3.6187735400729895) (3.0064523329705635, 2.8833109951458598, 1.8369029593193344) (7.1436754135112217, 2.2290472228083562, 2.855322552900649) (-10.498884421172585, 7.0916488881514077, 6.4810568837584572) (-26.596543171071751, 0.28381168414376745, 0.37228474424893321)
9.44708628344
nan
redoGupta's age for SN18927:  9.44708628344
Running MCMC for initial position
Best position from initial search:  [ -2.72600675   0.96760122   0.45224723  10.28620945  10.5465478
  -2.72436635 -25.51183463]
Running full MCMC fit
Acceptance fraction: [ 0.223       0.29        0.284       0.31166667  0.29733333  0.275
  0.27433333  0.29166667  0.248       0.23766667  0.219       0.253
  0.15566667  0.28366667  0.286       0.202       0.27533333  0.28466667
  0.27066667  0.27266667  0.262       0.273       0.30133333  0.26666667
  0.27266667  0.235       0.20366667  0.24433333  0.21966667  0.14866667
  0.21        0.28233333  0.291       0.277       0.29766667  0.31366667
  0.30533333  0.287       0.306       0.22933333  0.27866667  0.31666667
  0.27733333  0.29066667  0.28133333  0.27033333  0.245       0.27133333
  0.26466667  0.23233333  0.26733333  0.30366667  0.19833333  0.249
  0.04933333  0.291       0.28833333  0.28366667  0.252       0.18066667
  0.32266667  0.22733333  0.286       0.31266667  0.30133333  0.153
  0.28466667  0.266       0.229       0.28366667  0.27366667  0.27133333
  0.30333333  0.28366667  0.30466667  0.293       0.25833333  0.27733333
  0.27266667  0.27433333  0.192       0.23633333  0.316       0.32        0.281
  0.285       0.281       0.24433333  0.195       0.279       0.28766667
  0.26833333  0.276       0.26366667  0.297       0.28166667  0.288       0.305
  0.31733333  0.31466667]
MCMC:  (-2.7797507273384956, 0.16119105721165949, 0.14901366461395726) (0.58889275133191554, 0.17974557359052978, 0.53726870906415192) (4.5473770110692051, 3.5327241809080636, 2.9938363545836442) (10.440134748709522, 0.12926431275015204, 1.0690349861041231) (10.619061083505684, 0.069476221251374426, 0.21453634147700384) (-12.552713332820133, 6.0150020190789437, 5.249756886528079) (-25.06052897653473, 0.2604357348602413, 0.17628742970953581)
11.1621926782
nan
redoGupta's age for SN18940:  11.1621926782
Running MCMC for initial position
Best position from initial search:  [ -2.4230989    0.35890344   2.62663051   8.68171884   9.9515009
  -2.49853051 -24.03267249]
Running full MCMC fit
Acceptance fraction: [ 0.289       0.286       0.272       0.29233333  0.29566667  0.30066667
  0.30033333  0.23833333  0.31833333  0.27933333  0.292       0.28866667
  0.30233333  0.26866667  0.29766667  0.30066667  0.234       0.27033333
  0.29066667  0.293       0.29366667  0.32        0.31866667  0.3
  0.26166667  0.27266667  0.29733333  0.25433333  0.27766667  0.276       0.289
  0.25933333  0.29333333  0.29666667  0.29033333  0.31833333  0.28933333
  0.279       0.255       0.27033333  0.315       0.30266667  0.24866667
  0.302       0.28033333  0.26966667  0.308       0.28933333  0.306       0.308
  0.235       0.24766667  0.30433333  0.25366667  0.24766667  0.31
  0.27366667  0.29633333  0.305       0.329       0.28766667  0.30733333
  0.32433333  0.313       0.302       0.29433333  0.33066667  0.314       0.302
  0.32833333  0.28266667  0.27266667  0.306       0.32433333  0.31566667
  0.127       0.30266667  0.257       0.303       0.29066667  0.27366667
  0.294       0.31733333  0.299       0.298       0.31066667  0.29666667
  0.271       0.295       0.28066667  0.27666667  0.31033333  0.28366667
  0.30266667  0.28533333  0.294       0.32        0.29833333  0.25833333
  0.28633333]
MCMC:  (-2.7112460473228706, 0.22349095202931801, 0.19095983278597917) (0.25548642393477838, 0.3009452408757135, 0.19090381218319646) (5.3821981548449687, 3.2067326087401353, 3.4066795945957451) (9.5280352377551125, 0.33200292418145239, 1.0329306338326081) (10.046098016240101, 0.14555746454196772, 0.1552376156718136) (-11.296698641275848, 6.0748131090165609, 5.9950930526216641) (-23.915087790046908, 0.22059704248221479, 0.25577230088820002)
10.2737771382
nan
redoGupta's age for SN18945:  10.2737771382
Running MCMC for initial position
Best position from initial search:  [ -2.60629746   0.21623579   6.76003953   8.45494258   9.34487159
  -4.67975133 -25.69861675]
Running full MCMC fit
Acceptance fraction: [ 0.32566667  0.31333333  0.278       0.34933333  0.33333333  0.32433333
  0.30333333  0.34666667  0.323       0.34566667  0.29        0.32866667
  0.327       0.349       0.37033333  0.32666667  0.35833333  0.33033333
  0.28966667  0.32333333  0.34633333  0.33766667  0.346       0.34
  0.35433333  0.32066667  0.34466667  0.33533333  0.32433333  0.315
  0.33833333  0.35666667  0.36266667  0.29366667  0.31466667  0.34533333
  0.3         0.35233333  0.31833333  0.29333333  0.34566667  0.344       0.327
  0.332       0.318       0.32733333  0.34366667  0.32266667  0.33766667
  0.33        0.33066667  0.352       0.33533333  0.34233333  0.33566667
  0.32433333  0.329       0.34366667  0.33366667  0.316       0.30233333
  0.339       0.28533333  0.28733333  0.34933333  0.35866667  0.31666667
  0.345       0.35133333  0.307       0.336       0.33233333  0.33366667
  0.33833333  0.36266667  0.319       0.33633333  0.326       0.323
  0.32833333  0.34266667  0.33033333  0.34233333  0.31333333  0.32733333
  0.35033333  0.33933333  0.34466667  0.29133333  0.305       0.36
  0.31133333  0.35433333  0.296       0.32633333  0.334       0.30666667
  0.31266667  0.33466667  0.32533333]
MCMC:  (-2.8396349211781344, 0.12023038032279043, 0.10790529854742026) (0.086760453304558505, 0.08752078527538365, 0.058164370366509677) (5.0623608258058743, 3.3688242752120674, 3.3307520414157779) (9.2808967193696823, 0.12057395860298747, 0.17364433449167649) (9.5074363595442204, 0.11824645379557275, 0.10829549146277806) (-11.705339330570101, 5.7191793373117301, 5.6199911538979102) (-25.442127056004544, 0.056296200045913736, 0.072803923225642109)
11.2137346357
nan
redoGupta's age for SN18965:  11.2137346357
Running MCMC for initial position
Best position from initial search:  [ -2.57376031   0.05782472   1.56991205   8.60546578   8.70931029
  -6.35372989 -25.60305641]
Running full MCMC fit
Acceptance fraction: [ 0.34766667  0.32933333  0.34166667  0.31033333  0.332       0.33166667
  0.34        0.32733333  0.341       0.34966667  0.30433333  0.372
  0.29166667  0.322       0.302       0.32366667  0.36633333  0.31333333
  0.33466667  0.35833333  0.34433333  0.34        0.29        0.36766667
  0.33366667  0.33766667  0.32033333  0.31466667  0.26733333  0.32366667
  0.335       0.331       0.32733333  0.337       0.35966667  0.319
  0.30766667  0.36466667  0.33533333  0.31066667  0.306       0.30966667
  0.338       0.348       0.34566667  0.34633333  0.36033333  0.346
  0.32066667  0.37        0.325       0.26433333  0.21733333  0.32633333
  0.31566667  0.33666667  0.31166667  0.318       0.32766667  0.35033333
  0.33066667  0.29566667  0.346       0.33966667  0.324       0.32533333
  0.333       0.32366667  0.24166667  0.361       0.272       0.33866667
  0.346       0.34933333  0.32266667  0.364       0.30833333  0.328
  0.31366667  0.33233333  0.31666667  0.31566667  0.34733333  0.30266667
  0.296       0.339       0.31466667  0.33        0.34733333  0.28066667
  0.326       0.28633333  0.31233333  0.338       0.32333333  0.328
  0.32833333  0.31766667  0.289       0.33566667]
MCMC:  (-2.8599504678987255, 0.10872155540479245, 0.095663569552057126) (0.037459982368526087, 0.048836795953293058, 0.027318089196847944) (5.2311041990968983, 3.2640212804106907, 3.3729843571932836) (8.9484677843756106, 0.094020900705034549, 0.15256014830001696) (9.1035175735419465, 0.06836516175026297, 0.06206736160585713) (-12.553619212606824, 5.7998677137136116, 5.176161557060043) (-25.37804630204937, 0.046521836833072427, 0.056544320960853156)
10.5976613181
nan
redoGupta's age for SN19002:  10.5976613181
Running MCMC for initial position
Best position from initial search:  [ -2.52754362   0.03026249   5.83029908   8.24896918  10.91294268
   1.77049934 -23.49648552]
Running full MCMC fit
Acceptance fraction: [ 0.11866667  0.207       0.16133333  0.217       0.20866667  0.14033333
  0.13466667  0.156       0.20533333  0.156       0.11566667  0.10266667
  0.158       0.173       0.175       0.118       0.18        0.18833333
  0.18933333  0.141       0.17233333  0.11166667  0.20933333  0.15933333
  0.181       0.15533333  0.15533333  0.17533333  0.19133333  0.198
  0.17633333  0.20033333  0.213       0.175       0.18433333  0.166       0.107
  0.17133333  0.19133333  0.13766667  0.17033333  0.206       0.15866667
  0.19133333  0.157       0.19033333  0.17        0.14866667  0.21033333
  0.164       0.19766667  0.197       0.08733333  0.09933333  0.206
  0.20266667  0.17933333  0.197       0.11133333  0.20733333  0.097
  0.21833333  0.195       0.20333333  0.22266667  0.134       0.21333333
  0.14433333  0.17533333  0.185       0.094       0.20633333  0.17466667
  0.15333333  0.21866667  0.205       0.165       0.24066667  0.18066667
  0.13966667  0.11133333  0.20366667  0.12        0.20066667  0.16633333
  0.223       0.16566667  0.20933333  0.138       0.18266667  0.09166667
  0.215       0.189       0.107       0.18566667  0.17066667  0.209
  0.19166667  0.176       0.15866667]
MCMC:  (-2.7933191638180572, 0.14980496458151382, 0.13289288031921309) (0.035847378910921851, 0.044309241219795528, 0.025418239741659264) (4.8800484065790126, 3.4083534976321896, 2.7285522958630155) (7.9691297400538232, 0.7832149180892074, 1.1938757634903183) (10.979069187444615, 0.060114451996765794, 0.62815219012459877) (5.1883333388210655, 6.1935707349643021, 3.419461372357453) (-23.576890848754818, 0.13355042333826006, 0.13904135405564944)
9.12293757043
9.12293757043
redoGupta's age for SN19008:  9.12293757043
Running MCMC for initial position
Best position from initial search:  [ -2.77743915   0.68678079   7.18975602   9.6819258    9.95208356
  -2.85367559 -23.83943778]
Running full MCMC fit
Acceptance fraction: [ 0.26533333  0.301       0.29466667  0.284       0.28866667  0.29866667
  0.299       0.26666667  0.27433333  0.277       0.29233333  0.297
  0.27366667  0.29866667  0.279       0.292       0.253       0.28033333
  0.278       0.27466667  0.27866667  0.27266667  0.26633333  0.28433333
  0.29266667  0.23366667  0.28933333  0.28466667  0.29133333  0.30566667
  0.294       0.22233333  0.27933333  0.27433333  0.30233333  0.26866667
  0.306       0.29133333  0.285       0.28166667  0.272       0.274       0.27
  0.24066667  0.28933333  0.22566667  0.246       0.28233333  0.17833333
  0.30266667  0.17566667  0.28833333  0.29433333  0.20233333  0.25533333
  0.271       0.27166667  0.27433333  0.254       0.25433333  0.20766667
  0.26333333  0.28833333  0.28033333  0.312       0.27733333  0.31
  0.29633333  0.27833333  0.291       0.25366667  0.31766667  0.277       0.27
  0.29266667  0.274       0.248       0.31033333  0.25833333  0.285
  0.27966667  0.30033333  0.29166667  0.292       0.30233333  0.293
  0.32033333  0.23333333  0.27766667  0.29666667  0.29033333  0.27733333
  0.29833333  0.276       0.24        0.28766667  0.19033333  0.294
  0.29066667  0.27766667]
MCMC:  (-2.6961420286479414, 0.23405680051689659, 0.20117589575429839) (0.19207951783112631, 0.2843343008881512, 0.14343989951999758) (5.2766982096911343, 3.1702768638820151, 3.2892274414434333) (9.4470018287043036, 0.34358760160238866, 1.2348651466933518) (10.048774639551624, 0.18421893868102579, 0.1735372252021179) (-9.7481978385210422, 6.4091634963349895, 6.8892367989084011) (-23.364314277555017, 0.20631268293516669, 0.27198036058742048)
10.0746438267
10.0746438267
redoGupta's age for SN19027:  10.0746438267
Running MCMC for initial position
Best position from initial search:  [ -2.46694985   1.10803556   0.89612557   9.71111722   9.76094702
  -2.06277562 -24.6054343 ]
Running full MCMC fit
Acceptance fraction: [ 0.30866667  0.327       0.338       0.33566667  0.35366667  0.33933333
  0.315       0.329       0.33866667  0.34        0.288       0.30466667
  0.35333333  0.32133333  0.31866667  0.31233333  0.352       0.33133333
  0.33966667  0.31        0.30533333  0.31566667  0.33833333  0.31533333
  0.35666667  0.33466667  0.32266667  0.327       0.35833333  0.28666667
  0.20666667  0.29966667  0.321       0.294       0.30933333  0.31433333
  0.317       0.31533333  0.29433333  0.37066667  0.37        0.27866667
  0.30566667  0.32333333  0.28166667  0.33566667  0.322       0.30466667
  0.31966667  0.294       0.31066667  0.35333333  0.324       0.33766667
  0.34766667  0.305       0.33466667  0.358       0.28133333  0.34266667
  0.355       0.356       0.32833333  0.341       0.29733333  0.33066667
  0.283       0.30766667  0.338       0.32066667  0.30966667  0.31666667
  0.364       0.342       0.345       0.31233333  0.31233333  0.30933333
  0.313       0.30266667  0.36066667  0.325       0.34433333  0.30933333
  0.34333333  0.325       0.314       0.30166667  0.35166667  0.33766667
  0.32166667  0.324       0.30766667  0.30266667  0.35266667  0.32266667
  0.29733333  0.29666667  0.34366667  0.29866667]
MCMC:  (-2.7513928473243152, 0.2120151040040481, 0.16705155899651025) (0.13908240861028759, 0.1888820511787202, 0.10104013271351026) (4.8631774179490499, 3.4551493985816677, 3.177715700546333) (9.4075900074746439, 0.16381263851875261, 0.30487744287664675) (9.6957161087951143, 0.11075852365306638, 0.10841554783412555) (-11.521542490486869, 5.6777215488036621, 5.7362701340464284) (-23.846761657955099, 0.14595512014214052, 0.20482927528388828)
10.057406461
nan
redoGupta's age for SN19029:  10.057406461
Running MCMC for initial position
Best position from initial search:  [ -2.48299816   0.45620432   2.08288662   8.61620275   9.24419787
  -4.89246352 -23.72610254]
Running full MCMC fit
Acceptance fraction: [ 0.28566667  0.302       0.302       0.32266667  0.213       0.26833333
  0.30633333  0.295       0.215       0.309       0.297       0.30733333
  0.252       0.27533333  0.27733333  0.329       0.301       0.328       0.283
  0.24333333  0.285       0.29133333  0.27733333  0.26866667  0.28766667
  0.28633333  0.26733333  0.28933333  0.20366667  0.27333333  0.29266667
  0.311       0.289       0.27833333  0.31        0.312       0.28166667
  0.30166667  0.203       0.317       0.30866667  0.29166667  0.29433333
  0.299       0.26033333  0.28666667  0.279       0.30533333  0.27466667
  0.334       0.26866667  0.28366667  0.287       0.31733333  0.29366667
  0.30533333  0.277       0.30033333  0.295       0.28833333  0.31266667
  0.26433333  0.27966667  0.269       0.265       0.29033333  0.30066667
  0.32033333  0.31366667  0.252       0.30666667  0.31866667  0.30933333
  0.254       0.32866667  0.32066667  0.27133333  0.29466667  0.28033333
  0.33666667  0.28666667  0.27433333  0.26866667  0.28333333  0.275       0.288
  0.33833333  0.287       0.30033333  0.26433333  0.289       0.324       0.271
  0.28366667  0.30333333  0.32433333  0.30033333  0.312       0.28
  0.28933333]
MCMC:  (-2.7298259407942242, 0.23678096243266467, 0.18259861876110905) (0.15375484698095504, 0.23918168753373292, 0.11451013841267654) (4.9977248815825455, 3.3556245184647597, 3.1161834849406644) (8.652446221612319, 0.2726415036766614, 0.51362511893513485) (9.1526942683690109, 0.1471633890390418, 0.13725603571908351) (-11.647079124657601, 6.4872230065606686, 5.6741855024903067) (-23.692634085710942, 0.17671535837153129, 0.24270788123855525)
9.17631728244
nan
redoGupta's age for SN19033:  9.17631728244
Running MCMC for initial position
Best position from initial search:  [ -2.66745627   0.19651209   8.35824244   3.25104668   9.83217821
   2.16775524 -23.3165864 ]
Running full MCMC fit
Acceptance fraction: [ 0.19933333  0.10966667  0.12366667  0.185       0.19766667  0.13233333
  0.191       0.20133333  0.16066667  0.14466667  0.19233333  0.14333333
  0.198       0.132       0.15233333  0.13466667  0.13966667  0.189
  0.20233333  0.16166667  0.19233333  0.19266667  0.20366667  0.13        0.183
  0.19333333  0.209       0.15433333  0.21333333  0.152       0.196       0.174
  0.19166667  0.13733333  0.192       0.10933333  0.19466667  0.16
  0.17733333  0.158       0.21066667  0.205       0.19066667  0.14866667
  0.192       0.196       0.203       0.11933333  0.20933333  0.18066667
  0.17633333  0.17066667  0.18233333  0.16866667  0.19966667  0.227
  0.17233333  0.16        0.17966667  0.16566667  0.20733333  0.167
  0.20366667  0.22966667  0.16866667  0.155       0.191       0.175       0.115
  0.21        0.2         0.20233333  0.16433333  0.122       0.18733333
  0.17133333  0.188       0.209       0.18466667  0.13666667  0.11366667
  0.23533333  0.15833333  0.15366667  0.14733333  0.161       0.188
  0.21233333  0.19833333  0.12466667  0.14666667  0.223       0.13966667
  0.19533333  0.13466667  0.19566667  0.165       0.162       0.20733333
  0.202     ]/afs/crc.nd.edu/user/b/brose3/.local/lib/python3.5/site-packages/emcee/ensemble.py:335: RuntimeWarning: invalid value encountered in subtract
  lnpdiff = (self.dim - 1.) * np.log(zz) + newlnprob - lnprob0
/afs/crc.nd.edu/user/b/brose3/.local/lib/python3.5/site-packages/emcee/ensemble.py:336: RuntimeWarning: invalid value encountered in greater
  accept = (lnpdiff > np.log(self._random.rand(len(lnpdiff))))
/afs/crc.nd.edu/user/b/brose3/Private/SNIa-Local-Environments/calculateAge.py:505: UserWarning: Getting zero integrated SFH, check log.
  warnings.warn('Getting zero integrated SFH, check log.')
/afs/crc.nd.edu/x86_64_linux/p/python/3.5.2/build/lib/python3.5/site-packages/scipy/integrate/quadpack.py:356: IntegrationWarning: The integral is probably divergent, or slowly convergent.
  warnings.warn(msg, IntegrationWarning)
/afs/crc.nd.edu/user/b/brose3/Private/SNIa-Local-Environments/calculateAge.py:518: RuntimeWarning: invalid value encountered in true_divide
  age = ageOfUniverse.to('Gyr').value - numerator/denominator
/afs/crc.nd.edu/x86_64_linux/p/python/3.5.2/build/lib/python3.5/site-packages/numpy/lib/function_base.py:3569: RuntimeWarning: Invalid value encountered in median
  RuntimeWarning)

MCMC:  (-2.6749535289434521, 0.32359106342630417, 0.22975536614208503) (0.17261051785644221, 0.11076738263197866, 0.090765919313860577) (5.8256183542070996, 2.8454628766130341, 2.8621024210654689) (4.7869346559675163, 2.7479826184174367, 2.8810101355543547) (9.7372089351667661, 1.2346452280473148, 2.1024257382376996) (4.5834249010878132, 6.9722359057664569, 2.7338248383693524) (-23.209395222769807, 0.2263834660142976, 0.1801587160824738)
6.81247902291
6.81247902291
redoGupta's age for SN19149:  6.81247902291
Running MCMC for initial position
Best position from initial search:  [ -2.87997777   0.04371269   1.0935519    7.24316911   8.49678372
 -18.66621096 -26.49543682]
Running full MCMC fit
Acceptance fraction: [ 0.31266667  0.25066667  0.30166667  0.252       0.28833333  0.294
  0.26833333  0.31933333  0.316       0.20433333  0.26766667  0.26566667
  0.34        0.32133333  0.28866667  0.31        0.289       0.25033333
  0.271       0.28366667  0.29066667  0.259       0.29233333  0.312
  0.23266667  0.30033333  0.29766667  0.243       0.265       0.26833333
  0.327       0.295       0.304       0.316       0.274       0.279       0.31
  0.28433333  0.299       0.29333333  0.325       0.25566667  0.26666667
  0.32        0.29866667  0.29033333  0.293       0.27733333  0.285       0.226
  0.29033333  0.294       0.26633333  0.31433333  0.30566667  0.31466667
  0.26433333  0.31033333  0.29666667  0.31033333  0.30366667  0.287
  0.30666667  0.29166667  0.24666667  0.25866667  0.32133333  0.31366667
  0.32533333  0.318       0.29833333  0.30166667  0.27966667  0.29966667
  0.299       0.29766667  0.31566667  0.30866667  0.29433333  0.31666667
  0.28033333  0.34633333  0.34233333  0.298       0.31933333  0.241
  0.33133333  0.32966667  0.307       0.28966667  0.285       0.30533333
  0.28733333  0.31833333  0.31033333  0.341       0.29766667  0.271       0.298
  0.317     ]
MCMC:  (-2.8741144446821685, 0.1065844962705671, 0.087746098336088707) (0.0051925666142375107, 0.0084375099002274197, 0.0038949833889813826) (5.0180984001791336, 3.3461676430672016, 3.266297366989277) (7.3704593095112436, 0.3496220259352425, 0.52013431896538531) (8.130823341852734, 0.38390215325235388, 0.28574919227527573) (-11.149042906261153, 6.3826809471648982, 5.9980606292021275) (-26.47762305801438, 0.033941016892125475, 0.031315345212647117)
11.2850176654
nan
redoGupta's age for SN19174:  11.2850176654
