[1] 2596
Running MCMC for initial position
Best position from initial search:  [ -2.66283477   0.70921839   3.11489583   9.72239985   9.72564283
  -2.64693846 -25.13302277]
Running full MCMC fit
Acceptance fraction: [ 0.33333333  0.35366667  0.326       0.33766667  0.34766667  0.298
  0.35033333  0.36766667  0.37033333  0.38133333  0.36233333  0.344
  0.34033333  0.33333333  0.32833333  0.33933333  0.35333333  0.36033333
  0.33566667  0.32266667  0.36133333  0.36066667  0.33666667  0.35666667
  0.322       0.34166667  0.31566667  0.367       0.331       0.341
  0.33433333  0.29866667  0.34766667  0.33933333  0.304       0.33333333
  0.322       0.33433333  0.32033333  0.342       0.32566667  0.31966667
  0.355       0.327       0.36666667  0.35866667  0.354       0.30166667
  0.35533333  0.32033333  0.331       0.362       0.34366667  0.30933333
  0.32333333  0.33866667  0.32566667  0.32266667  0.32966667  0.33766667
  0.332       0.347       0.39633333  0.327       0.322       0.32333333
  0.37366667  0.34133333  0.33666667  0.34166667  0.35        0.35233333
  0.322       0.31866667  0.32066667  0.31166667  0.34233333  0.32866667
  0.33733333  0.33866667  0.35433333  0.29633333  0.3         0.33
  0.33233333  0.32433333  0.318       0.334       0.336       0.34533333
  0.32733333  0.32266667  0.31366667  0.33766667  0.33366667  0.34266667
  0.31566667  0.31133333  0.337       0.342     ]
MCMC:  (-2.7946367875784826, 0.15355446109244619, 0.1376861193608776) (0.12470920212737671, 0.10992245939454304, 0.08408875031103695) (4.8910528936786797, 3.436799874887388, 3.2068283054936639) (9.6157670788428664, 0.080841576878251331, 0.1023767701238345) (9.756309192197218, 0.062923757833019067, 0.06530920143296548) (-12.880109728772918, 5.4213064654224823, 4.9094210893092942) (-24.567656527524047, 0.085931306856288359, 0.10407566608800778)
10.2873626096
nan
redoGupta's age for SN19818:  10.2873626096
Running MCMC for initial position
Best position from initial search:  [ -2.67253836   0.10178756   1.02391322   3.3073004    5.46025598
  -0.07572077 -24.95725351]
Running full MCMC fit
Acceptance fraction: [ 0.237       0.25        0.29766667  0.26066667  0.236       0.25466667
  0.24433333  0.23533333  0.25566667  0.04333333  0.25566667  0.047
  0.27266667  0.223       0.06033333  0.27666667  0.26033333  0.049
  0.24633333  0.04566667  0.27366667  0.248       0.23633333  0.23033333
  0.05133333  0.075       0.28466667  0.23133333  0.27933333  0.24766667
  0.16133333  0.05066667  0.18366667  0.26466667  0.24066667  0.22
  0.22866667  0.26233333  0.074       0.09233333  0.21866667  0.07833333
  0.26166667  0.26133333  0.07033333  0.25766667  0.26566667  0.233
  0.23266667  0.28533333  0.17866667  0.20966667  0.23233333  0.209
  0.26233333  0.23733333  0.25466667  0.231       0.08766667  0.212       0.199
  0.20866667  0.223       0.17        0.18966667  0.218       0.24166667
  0.224       0.20733333  0.24566667  0.22733333  0.25533333  0.213       0.186
  0.06566667  0.21        0.23633333  0.22866667  0.233       0.245       0.192
  0.203       0.066       0.19066667  0.23833333  0.21466667  0.23066667
  0.24133333  0.26366667  0.22733333  0.18666667  0.16433333  0.21066667
  0.23466667  0.176       0.193       0.209       0.22733333  0.19733333
  0.135     ]
MCMC:  (-2.7884634697415764, 0.15224948479329026, 0.14211052758914589) (0.063409839705004398, 0.10305771123118899, 0.046991138865618683) (4.3424743219897586, 3.5767958037169567, 3.3822160467764575) (9.235479066552621, 0.44130418559059592, 1.247781053347949) (9.953329276718371, 0.66648285273547181, 0.67173549011903333) (-2.5652134056941582, 2.2418602989727843, 10.772412989387981) (-24.507211197274437, 0.11784533552205545, 0.142468293313879)
10.8577365706
nan
redoGupta's age for SN19913:  10.8577365706
Running MCMC for initial position
Best position from initial search:  [ -1.03365866   0.0381103    0.71167289   1.39653548   3.21381697
  -1.96950353 -25.14512233]
Running full MCMC fit
Acceptance fraction: [ 0.22533333  0.24466667  0.21666667  0.247       0.279       0.25833333
  0.29333333  0.18333333  0.28266667  0.26966667  0.24266667  0.13733333
  0.25166667  0.279       0.28566667  0.111       0.25866667  0.298       0.221
  0.26733333  0.20266667  0.25633333  0.244       0.226       0.19666667
  0.27566667  0.26366667  0.15933333  0.232       0.25333333  0.25433333
  0.234       0.25533333  0.14866667  0.162       0.276       0.205       0.252
  0.254       0.212       0.23        0.273       0.254       0.22233333
  0.24        0.271       0.258       0.22866667  0.246       0.27266667
  0.25166667  0.24233333  0.24866667  0.21966667  0.25766667  0.24333333
  0.20533333  0.27033333  0.22433333  0.171       0.247       0.25333333
  0.24866667  0.254       0.2         0.246       0.18733333  0.144
  0.17366667  0.26666667  0.26666667  0.18233333  0.31333333  0.25566667
  0.236       0.247       0.14933333  0.26333333  0.24        0.239
  0.26766667  0.21933333  0.23333333  0.27833333  0.25633333  0.23433333
  0.24466667  0.28966667  0.229       0.253       0.26266667  0.154       0.197
  0.271       0.246       0.161       0.17        0.26        0.251
  0.26533333]
MCMC:  (-1.0806881590493405, 0.14488468188981429, 0.22590327428424262) (0.065816208431877021, 0.11481237135786576, 0.048598263847791291) (3.8224931787066478, 3.9868305298727171, 3.1862733367712099) (1.7796635817256705, 1.5932928812771427, 0.89833457042229958) (4.5457002417720123, 2.6461258178003444, 2.0653358147087508) (-9.1163457153825789, 6.5308991937840037, 7.0341744866030069) (-25.110955482299044, 0.16617731192357255, 0.13260995729294578)
10.7273697621
nan
redoGupta's age for SN19940:  10.7273697621
Running MCMC for initial position
Best position from initial search:  [ -2.60170148   0.0569707    4.33077487   2.15267308  11.61857075
 -17.99491703 -25.97797645]
Running full MCMC fit
Acceptance fraction: [ 0.28366667  0.30733333  0.311       0.34133333  0.294       0.33933333
  0.325       0.327       0.34333333  0.346       0.36333333  0.335
  0.32433333  0.28233333  0.30166667  0.33133333  0.32866667  0.36566667
  0.31866667  0.32133333  0.361       0.33666667  0.33133333  0.285
  0.33533333  0.30366667  0.35833333  0.234       0.30666667  0.28966667
  0.32733333  0.33966667  0.29333333  0.19666667  0.31766667  0.34266667
  0.32133333  0.342       0.296       0.288       0.32433333  0.32033333
  0.304       0.33        0.291       0.31533333  0.32133333  0.29366667
  0.33466667  0.33533333  0.31233333  0.32566667  0.30866667  0.336
  0.26833333  0.34366667  0.295       0.329       0.32633333  0.31333333
  0.301       0.28233333  0.27933333  0.32533333  0.30733333  0.322
  0.31933333  0.319       0.32366667  0.31166667  0.30266667  0.32933333
  0.302       0.30066667  0.32533333  0.32633333  0.31133333  0.29966667
  0.34533333  0.31966667  0.28        0.29233333  0.33933333  0.30366667
  0.31533333  0.34966667  0.33966667  0.324       0.33133333  0.31        0.33
  0.31433333  0.29133333  0.326       0.28566667  0.31766667  0.32166667
  0.337       0.34133333  0.33233333]
MCMC:  (-2.8783546572745444, 0.096517678671438567, 0.083075621495481311) (0.0087843200031655147, 0.013747019633522563, 0.006576595488421484) (4.9489264677779214, 3.3430303523492118, 3.2777177416423759) (9.8503622639211734, 0.099518984214148176, 0.14148489010659837) (10.056561053507824, 0.078416519499841186, 0.063647089892665321) (-12.205668448493014, 5.6331223364050764, 5.2878024087927074) (-25.553342792500843, 0.026462818769179108, 0.023224400659270117)
11.5483547584
nan
redoGupta's age for SN19969:  11.5483547584
Running MCMC for initial position
Best position from initial search:  [ -2.84998920e+00   7.99899792e-04   3.16422470e+00   2.61417474e+00
   8.14025625e+00  -1.52921391e+01  -2.55319311e+01]
Running full MCMC fit
Acceptance fraction: [ 0.28966667  0.208       0.26233333  0.25266667  0.25666667  0.29666667
  0.23533333  0.285       0.31233333  0.251       0.279       0.259
  0.26366667  0.274       0.24666667  0.26        0.27366667  0.245
  0.24133333  0.25633333  0.302       0.27933333  0.203       0.13533333
  0.29433333  0.254       0.31166667  0.30866667  0.26666667  0.24466667
  0.26233333  0.26766667  0.278       0.25        0.24        0.25166667
  0.28066667  0.30433333  0.298       0.23633333  0.25433333  0.254       0.284
  0.286       0.28133333  0.28266667  0.254       0.27833333  0.27966667
  0.28433333  0.26366667  0.229       0.253       0.27433333  0.271       0.264
  0.26266667  0.26266667  0.24733333  0.27166667  0.257       0.23766667
  0.28766667  0.23833333  0.283       0.268       0.27133333  0.24933333
  0.24533333  0.24        0.22966667  0.249       0.25066667  0.26133333
  0.273       0.212       0.25866667  0.267       0.25566667  0.25466667
  0.26466667  0.262       0.258       0.27566667  0.17366667  0.268
  0.25166667  0.258       0.25133333  0.25866667  0.26366667  0.281       0.281
  0.21266667  0.17633333  0.28266667  0.25666667  0.259       0.27133333
  0.27366667]
MCMC:  (-2.7614834286484498, 0.19806115728096785, 0.16227841052270442) (0.074280403775951992, 0.15985454886842146, 0.060926314356497542) (5.4253841379106138, 3.0625268766678229, 3.2105888852629865) (4.677922747846452, 1.8926767507088824, 2.2577711301221517) (7.5673174781377295, 0.93499698097511263, 1.256032789947664) (-10.684739223972405, 6.9203102463465633, 6.4130496834460633) (-25.576282268973468, 0.14843489297712509, 0.14333812655250355)
9.30403356233
nan
redoGupta's age for SN19990:  9.30403356233
Running MCMC for initial position
Best position from initial search:  [ -2.66453294   0.03202533   5.22660589   6.1771905    8.80049446
  -3.49655867 -24.51359673]
Running full MCMC fit
Acceptance fraction: [ 0.26066667  0.27466667  0.23233333  0.27433333  0.26766667  0.21166667
  0.247       0.28433333  0.29        0.22133333  0.27566667  0.272       0.268
  0.28466667  0.313       0.30866667  0.287       0.10166667  0.29066667
  0.23        0.273       0.29233333  0.24866667  0.30366667  0.25433333
  0.283       0.307       0.301       0.28266667  0.28833333  0.25466667
  0.27733333  0.27433333  0.279       0.28833333  0.31033333  0.28266667
  0.27533333  0.26233333  0.26566667  0.28633333  0.26533333  0.27733333
  0.24066667  0.24633333  0.26633333  0.27        0.18233333  0.27533333
  0.28833333  0.273       0.27966667  0.28933333  0.30566667  0.29        0.294
  0.26933333  0.282       0.295       0.28733333  0.29266667  0.26566667
  0.04466667  0.28766667  0.27166667  0.28466667  0.28        0.302
  0.19366667  0.26566667  0.164       0.25866667  0.28333333  0.29233333
  0.26866667  0.28766667  0.28533333  0.258       0.157       0.27866667
  0.28766667  0.29933333  0.27933333  0.266       0.267       0.283
  0.29633333  0.246       0.282       0.29        0.288       0.29566667
  0.276       0.19533333  0.231       0.29133333  0.24066667  0.26233333
  0.27933333  0.29166667]
MCMC:  (-2.742725805264842, 0.19115071580379661, 0.17691723655772895) (0.29193605821186575, 0.34560030961734389, 0.21135887791467756) (5.5116262465696648, 3.0627207907321816, 3.4819624424830069) (7.755503948991338, 0.90645926511640873, 1.9704382719651594) (9.0791487557398121, 0.63597664111911634, 0.44749633698641311) (-10.459551857074549, 6.3317502818555935, 6.3886671133102855) (-24.64891657473229, 0.24524767875382736, 0.26007727001663383)
9.72366533379
9.72366533379
redoGupta's age for SN20040:  9.72366533379
Running MCMC for initial position
Best position from initial search:  [ -2.47384735   0.02934255   3.60272374   4.20965633   4.66415199
  -2.98623311 -26.13822479]
Running full MCMC fit
Acceptance fraction: [ 0.29733333  0.32366667  0.356       0.32333333  0.324       0.32633333
  0.34366667  0.329       0.29166667  0.35633333  0.31966667  0.30633333
  0.33266667  0.334       0.34933333  0.306       0.33666667  0.381
  0.34533333  0.29866667  0.29633333  0.30166667  0.29633333  0.30966667
  0.332       0.30966667  0.312       0.27133333  0.312       0.308       0.349
  0.34266667  0.21066667  0.34333333  0.363       0.36033333  0.279
  0.34033333  0.30466667  0.32433333  0.35633333  0.32633333  0.30166667
  0.34133333  0.314       0.33166667  0.30766667  0.34966667  0.295
  0.31466667  0.31333333  0.32        0.28466667  0.316       0.34933333
  0.288       0.32733333  0.32233333  0.32133333  0.32466667  0.32733333
  0.32066667  0.31533333  0.35633333  0.35        0.29366667  0.31866667
  0.325       0.27766667  0.33666667  0.34533333  0.29666667  0.296
  0.33933333  0.35        0.31466667  0.31333333  0.29266667  0.28433333
  0.30433333  0.352       0.32833333  0.334       0.32566667  0.31166667
  0.333       0.328       0.304       0.33133333  0.312       0.33666667
  0.29866667  0.32666667  0.33166667  0.30566667  0.34466667  0.32066667
  0.32033333  0.332       0.225     ]
MCMC:  (-2.7534816952018701, 0.192160502708564, 0.16794207154457208) (0.035553027705331412, 0.044975514328739592, 0.025800010741506913) (5.171010739568203, 3.2486658753726285, 3.4458267578661554) (3.9739037084067328, 0.36826980764880757, 0.63557350174503124) (4.6331250281753054, 0.35908862516322326, 0.24365148924926316) (-10.289278728133123, 6.1061145235916907, 6.4961187613298463) (-26.179501642051115, 0.039693578494212289, 0.052541617202258806)
11.1296721893
nan
redoGupta's age for SN20048:  11.1296721893
Running MCMC for initial position
Best position from initial search:  [ -2.66543312   0.36671201   9.70927255  11.65994704  12.36868118
  19.38567598 -24.55969865]
Running full MCMC fit
Acceptance fraction: [ 0.381       0.389       0.37566667  0.38066667  0.349       0.39166667
  0.379       0.37233333  0.40733333  0.41066667  0.41        0.39966667
  0.36066667  0.41133333  0.391       0.375       0.388       0.38433333
  0.4         0.38066667  0.38066667  0.38366667  0.36366667  0.36933333
  0.40166667  0.39466667  0.372       0.367       0.37933333  0.425
  0.39033333  0.36166667  0.372       0.38266667  0.361       0.397
  0.38933333  0.36433333  0.38733333  0.402       0.36266667  0.399       0.412
  0.38366667  0.39733333  0.394       0.382       0.377       0.39166667
  0.37        0.34866667  0.34633333  0.36066667  0.36966667  0.39533333
  0.37166667  0.40066667  0.38266667  0.379       0.368       0.36533333
  0.39233333  0.40466667  0.36133333  0.39833333  0.39933333  0.37933333
  0.34733333  0.36966667  0.39433333  0.406       0.395       0.38333333
  0.39466667  0.38833333  0.37933333  0.365       0.36533333  0.38433333
  0.342       0.411       0.39766667  0.40233333  0.38066667  0.37
  0.38533333  0.17333333  0.38033333  0.35533333  0.363       0.39166667
  0.373       0.40233333  0.39233333  0.37        0.38066667  0.35566667
  0.40633333  0.36433333  0.374     ]
MCMC:  (-2.8281386566056264, 0.13841868085537179, 0.11590426054701597) (0.50694123363854593, 0.014573183169802717, 0.015217022770633859) (7.3039821126680646, 1.8955988311366276, 2.5092752690365128) (12.120415216465457, 0.02753035056830555, 0.033065944166494887) (12.441612552548284, 0.004798551519408889, 0.0050318944577600888) (19.916899197676724, 0.061963004390012344, 0.13750390087136211) (-24.524539367829732, 0.02664761647590197, 0.026910790516769367)
12.2149351448
12.2149351448
redoGupta's age for SN20064:  12.2149351448
Running MCMC for initial position
Best position from initial search:  [ -2.78110541   1.0153687    4.6788       8.97445044   9.5818836
  -9.07016974 -24.73160263]
Running full MCMC fit
Acceptance fraction: [ 0.26833333  0.26033333  0.29066667  0.22633333  0.26433333  0.25766667
  0.28866667  0.28133333  0.258       0.25433333  0.28333333  0.26        0.268
  0.27633333  0.28066667  0.26733333  0.28        0.26666667  0.286
  0.25566667  0.26566667  0.24666667  0.25766667  0.27166667  0.24866667
  0.29533333  0.258       0.27666667  0.273       0.257       0.23666667
  0.29933333  0.26466667  0.27333333  0.24733333  0.22566667  0.175
  0.21966667  0.27866667  0.23        0.17833333  0.25133333  0.285
  0.23066667  0.28866667  0.265       0.26        0.29066667  0.25333333
  0.279       0.26266667  0.25366667  0.23566667  0.25866667  0.25666667
  0.22966667  0.262       0.245       0.26633333  0.26666667  0.251
  0.27533333  0.24433333  0.27533333  0.22233333  0.29466667  0.24266667
  0.26833333  0.26933333  0.27466667  0.27066667  0.23833333  0.259       0.262
  0.243       0.217       0.25466667  0.23833333  0.24333333  0.27733333
  0.25833333  0.264       0.28        0.28        0.28366667  0.26533333
  0.286       0.231       0.26033333  0.254       0.24566667  0.26433333
  0.273       0.26        0.25533333  0.246       0.257       0.25633333
  0.26333333  0.26166667]
MCMC:  (-2.6288199341247962, 0.38846448004620138, 0.24895318239662823) (0.28745329624655608, 0.42444901171462796, 0.21654713156044833) (5.5235123003387203, 3.0850013652337127, 3.339799236706158) (7.1697100336226676, 1.4082307093617921, 2.5156328715340983) (9.2661961075560075, 0.43412493649284123, 0.83395075037982913) (-10.889827236850344, 6.3898639700905555, 6.1296924479116264) (-24.459977656211045, 0.39414127515710362, 0.36575255449290722)
8.92593605126
nan
redoGupta's age for SN20106:  8.92593605126
Running MCMC for initial position
Best position from initial search:  [ -2.93748556e+00   4.18781386e-03   9.30893817e+00   2.86702277e+00
   6.35637890e+00  -1.86845808e+01  -2.64656518e+01]
Running full MCMC fit
Acceptance fraction: [ 0.27133333  0.26333333  0.27833333  0.28        0.30266667  0.27866667
  0.27533333  0.25633333  0.26766667  0.257       0.27666667  0.149       0.274
  0.25933333  0.269       0.28133333  0.28033333  0.29666667  0.23166667
  0.29333333  0.27166667  0.27333333  0.287       0.26666667  0.25433333
  0.28066667  0.265       0.26933333  0.30366667  0.24466667  0.12066667
  0.26        0.268       0.24866667  0.31033333  0.258       0.266
  0.25966667  0.23633333  0.216       0.30566667  0.27466667  0.26366667
  0.257       0.28966667  0.258       0.27233333  0.26966667  0.27966667
  0.24766667  0.175       0.20033333  0.24266667  0.27433333  0.26466667
  0.25333333  0.27133333  0.24733333  0.263       0.26733333  0.293
  0.28333333  0.26433333  0.27233333  0.285       0.226       0.29266667
  0.265       0.21366667  0.26566667  0.26266667  0.24366667  0.263
  0.27466667  0.25866667  0.27366667  0.27466667  0.20933333  0.291
  0.28666667  0.28033333  0.27333333  0.25166667  0.26233333  0.24233333
  0.21866667  0.229       0.269       0.26833333  0.26733333  0.24766667
  0.268       0.25566667  0.26933333  0.24        0.231       0.258       0.278
  0.248       0.224     ]
MCMC:  (-2.7709583491722056, 0.1856845675398251, 0.15485641869728406) (0.057934816353357323, 0.10876860555230641, 0.0436442411109648) (5.4812240166344157, 2.999539274926736, 3.3203672852563235) (3.2884288219388957, 1.7807730978410858, 1.4662084767899786) (6.2010567375728494, 1.5697804852079775, 1.5860135152841428) (-10.508029468674874, 6.6904165776138509, 6.6417375488241355) (-26.554483944195447, 0.13706793157524899, 0.12498195576251447)
9.41954680823
nan
redoGupta's age for SN20111:  9.41954680823
Running MCMC for initial position
Best position from initial search:  [ -2.85058148   0.32442064   5.73959115   9.44626737   9.73254525
 -15.40897813 -23.52279987]
Running full MCMC fit
Acceptance fraction: [ 0.31333333  0.29533333  0.287       0.267       0.30533333  0.26833333
  0.25466667  0.289       0.27066667  0.27633333  0.29        0.28866667
  0.288       0.29033333  0.261       0.293       0.323       0.26133333
  0.241       0.24833333  0.25766667  0.27666667  0.30333333  0.23366667
  0.29466667  0.259       0.30433333  0.32133333  0.28233333  0.27633333
  0.329       0.27933333  0.258       0.32733333  0.27666667  0.30533333
  0.26233333  0.26866667  0.27266667  0.25133333  0.28333333  0.27033333
  0.263       0.28633333  0.31066667  0.266       0.269       0.266
  0.28166667  0.27233333  0.26        0.286       0.27533333  0.28333333
  0.263       0.26733333  0.289       0.30533333  0.29166667  0.302
  0.26133333  0.294       0.324       0.312       0.28033333  0.28166667
  0.27166667  0.287       0.30133333  0.22766667  0.29466667  0.26933333
  0.275       0.27333333  0.23833333  0.26233333  0.32766667  0.251       0.28
  0.316       0.26833333  0.306       0.24066667  0.264       0.25966667
  0.25533333  0.28166667  0.282       0.27533333  0.29866667  0.297       0.281
  0.29433333  0.27533333  0.29133333  0.25166667  0.31233333  0.27566667
  0.27766667  0.295     ]
MCMC:  (-2.678458687595926, 0.31432376517219485, 0.22514628289091743) (0.22407035778884044, 0.32102114533444615, 0.16497841911338634) (5.3685913566231918, 3.1188018762555032, 3.3713078284583862) (9.1903875992285116, 0.39961481930000531, 0.88929031208502884) (9.8693092915444467, 0.15464218906269878, 0.18526471676173806) (-11.789374571314754, 6.1032403975779683, 5.4862548265039468) (-23.46564392170653, 0.26637012939408322, 0.31896038782699776)
9.76124903092
nan
redoGupta's age for SN20184:  9.76124903092
Running MCMC for initial position
Best position from initial search:  [ -2.60046722   0.24913201   0.25570349   7.72332861   9.38658409
  -0.97418994 -26.41556176]
Running full MCMC fit
Acceptance fraction: [ 0.21133333  0.27966667  0.28433333  0.29866667  0.20833333  0.32133333
  0.28366667  0.28266667  0.27033333  0.26666667  0.29466667  0.28466667
  0.274       0.119       0.25766667  0.243       0.272       0.256       0.327
  0.32366667  0.28466667  0.28533333  0.302       0.10833333  0.25266667
  0.292       0.094       0.27666667  0.27566667  0.31966667  0.25166667
  0.263       0.262       0.18866667  0.275       0.282       0.282
  0.25766667  0.25666667  0.21933333  0.297       0.27866667  0.26233333
  0.28933333  0.27666667  0.309       0.27266667  0.28433333  0.31933333
  0.16566667  0.28633333  0.291       0.31433333  0.31666667  0.289
  0.28866667  0.263       0.27133333  0.331       0.28766667  0.07566667
  0.27566667  0.301       0.23166667  0.275       0.24366667  0.275
  0.29733333  0.28933333  0.30166667  0.29966667  0.31166667  0.313
  0.10066667  0.295       0.298       0.27        0.29766667  0.30533333
  0.28733333  0.21033333  0.30666667  0.328       0.08233333  0.287
  0.30266667  0.27566667  0.13433333  0.29233333  0.27633333  0.24666667
  0.27866667  0.08        0.30066667  0.24866667  0.324       0.28466667
  0.31766667  0.07833333  0.06933333]
MCMC:  (-2.8035928040476108, 0.14680762158974936, 0.13164895059972981) (0.29244446925213841, 0.17168219301103516, 0.16387093691964472) (3.598654064586718, 4.3316401374738911, 3.2834707920178547) (8.5634762957954376, 0.27267874824318028, 0.54399033346062886) (9.0564372322469833, 0.31898850488678399, 0.19520670219542957) (-10.594091286913217, 6.272352255645818, 6.1606649664999562) (-26.192571001047718, 0.14467836935708434, 0.15145424549102415)
10.3362660111
nan
redoGupta's age for SN20227:  10.3362660111
Running MCMC for initial position
Best position from initial search:  [ -2.77428434   0.04065157   5.95315087   4.84334881   5.28531235
 -18.02845703 -27.41753111]
Running full MCMC fit
Acceptance fraction: [ 0.36533333  0.32233333  0.329       0.33733333  0.34666667  0.347       0.325
  0.35066667  0.287       0.31366667  0.305       0.352       0.33
  0.32866667  0.33033333  0.30866667  0.33233333  0.347       0.31566667
  0.32633333  0.34466667  0.29766667  0.30166667  0.34466667  0.33233333
  0.29133333  0.35433333  0.319       0.32866667  0.332       0.31933333
  0.30766667  0.29666667  0.313       0.35066667  0.379       0.35233333
  0.28633333  0.32633333  0.333       0.315       0.31633333  0.31833333
  0.34233333  0.34066667  0.31833333  0.34233333  0.319       0.37166667
  0.32666667  0.31233333  0.34466667  0.34        0.33433333  0.32866667
  0.33766667  0.32966667  0.36133333  0.33533333  0.33533333  0.31633333
  0.35433333  0.33166667  0.328       0.38933333  0.336       0.337
  0.32066667  0.32633333  0.27633333  0.34033333  0.30933333  0.33933333
  0.29933333  0.339       0.34466667  0.33833333  0.33866667  0.36333333
  0.332       0.31966667  0.34133333  0.308       0.306       0.33966667
  0.324       0.32166667  0.33333333  0.33366667  0.31233333  0.33
  0.31866667  0.29533333  0.31633333  0.314       0.30266667  0.32033333
  0.317       0.339       0.32866667]
MCMC:  (-2.8863376778119769, 0.093942935343408696, 0.077961933904588054) (0.0015342362408913815, 0.0025503211988829725, 0.0011401263437200368) (5.1273257622934576, 3.309703722079222, 3.3764812014130836) (5.0642161405245476, 0.060894235963512955, 0.088459861362469638) (5.1872795001784633, 0.099458431861758179, 0.060276944047651604) (-12.805749396627252, 5.8401373422670293, 4.9703343029198379) (-27.36784692109407, 0.0088731007396063433, 0.006971351408484594)
12.1234350347
nan
redoGupta's age for SN20350:  12.1234350347
Running MCMC for initial position
Best position from initial search:  [ -2.70904191   0.05996661   2.68813926   5.87036565  10.00125735
  -5.29886048 -24.9765444 ]
Running full MCMC fit
Acceptance fraction: [ 0.27666667  0.28966667  0.311       0.31        0.30733333  0.30133333
  0.26066667  0.297       0.294       0.31766667  0.293       0.31933333
  0.33233333  0.31133333  0.276       0.295       0.30666667  0.28566667
  0.279       0.25466667  0.30433333  0.329       0.28266667  0.31666667
  0.28633333  0.26666667  0.287       0.32033333  0.30733333  0.315
  0.32133333  0.29        0.30933333  0.303       0.27166667  0.30333333
  0.29633333  0.30666667  0.25566667  0.26833333  0.243       0.281
  0.29233333  0.261       0.264       0.27066667  0.32233333  0.32633333
  0.21933333  0.27066667  0.30933333  0.31966667  0.30833333  0.30666667
  0.30133333  0.295       0.29633333  0.29533333  0.30566667  0.30533333
  0.24833333  0.322       0.298       0.29466667  0.32333333  0.22166667
  0.32166667  0.231       0.28133333  0.303       0.29366667  0.28266667
  0.30966667  0.31733333  0.26966667  0.294       0.28866667  0.29566667
  0.309       0.30733333  0.305       0.3         0.30533333  0.284
  0.31666667  0.31566667  0.312       0.26566667  0.29733333  0.251
  0.31666667  0.27733333  0.32366667  0.27533333  0.29133333  0.31066667
  0.163       0.314       0.319       0.30733333][1] 4287
