[1] 12284
Running MCMC for initial position
Best position from initial search:  [ -2.91679068e+00   1.44519791e-03   8.62470326e+00   3.45260406e+00
   6.76141740e+00   8.81541064e+00  -2.34015968e+01]
Running full MCMC fit
Acceptance fraction: [ 0.27866667  0.336       0.298       0.32933333  0.33033333  0.281
  0.24966667  0.30566667  0.31066667  0.32966667  0.308       0.29633333
  0.29366667  0.28366667  0.19633333  0.33733333  0.29633333  0.30566667
  0.31966667  0.25366667  0.203       0.32833333  0.31366667  0.28333333
  0.31333333  0.30466667  0.31266667  0.28233333  0.337       0.289       0.212
  0.29033333  0.32        0.32733333  0.29433333  0.32766667  0.25133333
  0.30233333  0.29333333  0.28766667  0.29633333  0.233       0.26033333
  0.271       0.30533333  0.17633333  0.30966667  0.28866667  0.31633333
  0.31533333  0.27533333  0.31466667  0.30233333  0.223       0.28466667
  0.28266667  0.28333333  0.28266667  0.29366667  0.30766667  0.29233333
  0.29966667  0.28966667  0.30066667  0.21966667  0.29566667  0.31733333
  0.27533333  0.31433333  0.20666667  0.30833333  0.28133333  0.27533333
  0.18566667  0.273       0.269       0.29766667  0.287       0.252       0.303
  0.26533333  0.30466667  0.28533333  0.31433333  0.184       0.28433333
  0.296       0.27233333  0.285       0.266       0.28733333  0.28866667
  0.307       0.295       0.28166667  0.30566667  0.29633333  0.272
  0.30766667  0.285     ]
MCMC:  (-2.7925077119898143, 0.1703938708080468, 0.14274135416167466) (0.038767280503477407, 0.052631366576429396, 0.029271713836292644) (5.254126060348538, 3.2161598118982884, 3.0693103411581344) (4.3587111955831919, 2.0599046186711139, 2.392318805388852) (7.1333567112628655, 0.67283820216039825, 0.79135437258849439) (11.135170173207214, 5.9855200192355333, 6.3605948577138394) (-23.450756131192314, 0.12372992395500759, 0.12189292454749179)
5.91320310845
5.91320310845
redoGupta's age for SN17875:  5.91320310845
Running MCMC for initial position
Best position from initial search:  [ -2.84832991   0.44726035   6.17911727   1.64112856   2.09803561
   6.76602687 -25.42758846]
Running full MCMC fit
Acceptance fraction: [ 0.26233333  0.27633333  0.27966667  0.30066667  0.27066667  0.31033333
  0.28133333  0.28566667  0.186       0.28766667  0.28733333  0.30333333
  0.279       0.29666667  0.28933333  0.272       0.30633333  0.32166667
  0.31066667  0.307       0.222       0.25033333  0.309       0.27266667
  0.32166667  0.20766667  0.28966667  0.282       0.326       0.23933333
  0.316       0.304       0.30833333  0.317       0.27866667  0.31333333
  0.28866667  0.29666667  0.30833333  0.31        0.28733333  0.29633333
  0.30233333  0.30766667  0.25366667  0.27433333  0.30733333  0.29766667
  0.30966667  0.30033333  0.26566667  0.147       0.275       0.30433333
  0.33033333  0.32        0.28433333  0.174       0.12266667  0.26433333
  0.28866667  0.31766667  0.31333333  0.28333333  0.296       0.30433333
  0.29033333  0.29066667  0.34866667  0.30066667  0.27966667  0.28333333
  0.325       0.289       0.29033333  0.28533333  0.28        0.29233333
  0.27533333  0.20033333  0.34533333  0.312       0.312       0.15966667
  0.30166667  0.28033333  0.31        0.33766667  0.29966667  0.3
  0.28833333  0.30866667  0.327       0.30633333  0.276       0.31066667
  0.271       0.28266667  0.29866667  0.28166667]
MCMC:  (-2.7776483150652531, 0.16211738068010861, 0.14739729975252969) (0.53146523459261885, 0.1292997595384221, 0.10619444425878083) (4.9461186646408315, 3.4514092349648902, 3.1336504429299201) (2.1433737380487279, 1.9205947511150412, 1.170492524120254) (4.2684979728609438, 1.6851500206710588, 1.6766401067470591) (9.7931383445342632, 6.9515452961698045, 7.1148826141777164) (-25.377516035389402, 0.11312476607460553, 0.11780316160545468)
4.66174846713
4.66174846713
redoGupta's age for SN17884:  4.66174846713
Running MCMC for initial position
Best position from initial search:  [ -2.75537882   0.0358014    2.97681103   4.03126276   5.11290163
  -0.20639489 -26.89443496]
Running full MCMC fit
Acceptance fraction: [ 0.34866667  0.30166667  0.40133333  0.36633333  0.357       0.37533333
  0.35833333  0.365       0.347       0.37733333  0.34633333  0.332       0.355
  0.32533333  0.37666667  0.34133333  0.34166667  0.35666667  0.35733333
  0.36933333  0.33533333  0.36333333  0.38466667  0.335       0.35433333
  0.328       0.388       0.369       0.333       0.32833333  0.31666667
  0.13633333  0.37166667  0.37133333  0.34666667  0.32466667  0.33466667
  0.33266667  0.36533333  0.338       0.33766667  0.35166667  0.362       0.344
  0.35966667  0.35033333  0.32933333  0.338       0.34433333  0.35133333
  0.10933333  0.336       0.34533333  0.36366667  0.342       0.36633333
  0.36433333  0.32666667  0.365       0.347       0.35166667  0.35066667
  0.328       0.37533333  0.35933333  0.36766667  0.34366667  0.342       0.34
  0.36366667  0.37566667  0.349       0.34433333  0.35966667  0.35433333
  0.35766667  0.35166667  0.34633333  0.33733333  0.35466667  0.33433333
  0.33933333  0.35433333  0.34866667  0.31533333  0.33066667  0.354
  0.37833333  0.37        0.33166667  0.349       0.33833333  0.35        0.334
  0.341       0.33666667  0.35366667  0.33166667  0.36433333  0.33      ]
MCMC:  (-2.818926004243659, 0.12718280780187019, 0.11831525769063722) (0.070685707278390214, 0.094303913487764707, 0.054626705547354493) (4.992172793219261, 3.3670813411207998, 3.2599433781102203) (9.0005601570562916, 0.090704976363271683, 0.73177928346207644) (9.1111215029864994, 0.090311738236168893, 0.63374639922482601) (-6.7039640497095565, 5.8672393545722814, 9.076311837058574) (-25.881952776074105, 0.08140729020544768, 0.12365739929314756)
9.71346895627
nan
redoGupta's age for SN18091:  9.71346895627
Running MCMC for initial position
Best position from initial search:  [ -2.83245974   0.27323172   6.96340079   2.11597233  11.80873966
  11.56035867 -22.63556026]
Running full MCMC fit
Acceptance fraction: [ 0.27933333  0.30166667  0.28666667  0.08933333  0.25733333  0.303       0.264
  0.33566667  0.333       0.15966667  0.11766667  0.262       0.245
  0.24666667  0.32266667  0.28733333  0.25366667  0.24766667  0.24466667
  0.26666667  0.3         0.32833333  0.299       0.29366667  0.312
  0.32933333  0.312       0.27833333  0.24433333  0.33366667  0.31066667
  0.32933333  0.291       0.33966667  0.24866667  0.276       0.29733333
  0.30033333  0.272       0.28766667  0.29433333  0.20866667  0.33133333
  0.33566667  0.33866667  0.28633333  0.284       0.306       0.26733333
  0.12366667  0.276       0.27833333  0.295       0.283       0.27433333
  0.27033333  0.26966667  0.20633333  0.27233333  0.22933333  0.25933333
  0.259       0.285       0.27766667  0.24533333  0.252       0.28666667
  0.24866667  0.278       0.26666667  0.28766667  0.243       0.20933333
  0.272       0.271       0.213       0.27133333  0.26        0.27866667
  0.24766667  0.30533333  0.26666667  0.29366667  0.24866667  0.286       0.26
  0.238       0.27233333  0.25066667  0.24666667  0.246       0.25766667
  0.29366667  0.29266667  0.28766667  0.28166667  0.27233333  0.257       0.268
  0.24733333]
MCMC:  (-2.7713369556192649, 0.17810399445644931, 0.15136937451534482) (0.39751946889059475, 0.08971732254181003, 0.085837660921117387) (6.4337386483611585, 2.4105146982084751, 2.8137355986774395) (7.9584597925965728, 1.5822805069563817, 2.3485018987743338) (12.478267526881243, 0.038421898466811655, 0.0629672296417354) (18.167760675389399, 1.3520571387749847, 2.9877318776595949) (-22.690853422160504, 0.19567394014194051, 0.21557556235680408)
9.68064651136
9.68064651136
redoGupta's age for SN18241:  9.68064651136
Running MCMC for initial position
Best position from initial search:  [ -2.70859657   0.38028709   3.73546516   1.24590902  11.28281182
  14.86041889 -23.18688784]
Running full MCMC fit
Acceptance fraction: [ 0.27366667  0.28066667  0.29433333  0.228       0.29633333  0.288
  0.26733333  0.30333333  0.268       0.202       0.28766667  0.26733333
  0.308       0.28133333  0.28233333  0.298       0.10466667  0.286       0.327
  0.11933333  0.266       0.29866667  0.262       0.28466667  0.3         0.301
  0.215       0.29333333  0.24933333  0.264       0.30233333  0.307
  0.25933333  0.30166667  0.279       0.30133333  0.28066667  0.249       0.291
  0.29233333  0.27066667  0.29533333  0.273       0.07133333  0.27533333
  0.24966667  0.29        0.29766667  0.23733333  0.242       0.25233333
  0.282       0.27833333  0.269       0.25533333  0.185       0.23066667
  0.28        0.28366667  0.293       0.286       0.30066667  0.27466667
  0.25633333  0.288       0.233       0.31766667  0.16733333  0.29633333
  0.27133333  0.25733333  0.268       0.19266667  0.27466667  0.292       0.289
  0.24466667  0.25733333  0.227       0.27466667  0.25766667  0.29833333
  0.30766667  0.28366667  0.28066667  0.27366667  0.28966667  0.253       0.294
  0.29066667  0.276       0.276       0.06733333  0.25066667  0.289
  0.29833333  0.296       0.248       0.29166667  0.289     ]
MCMC:  (-2.639978605354651, 0.34842928071088552, 0.24308882822603239) (0.40473279904918164, 0.13000533664249619, 0.11416175874166978) (6.3062254320297395, 2.509553012684151, 2.7590991458421175) (4.8969333774298924, 2.9897132601007792, 2.6837697222165096) (11.733162874911955, 0.06831323189136107, 0.098308416694056433) (17.48214532350751, 1.9123119098210317, 3.7707606611476905) (-23.027234660775019, 0.31711102945009984, 0.19691118506016281)
7.68200187428
7.68200187428
redoGupta's age for SN18323:  7.68200187428
Running MCMC for initial position
Best position from initial search:  [ -2.32555784   0.21234462   1.9872442    9.65509825  12.22419383
  13.15738032 -23.68889131]
Running full MCMC fit
Acceptance fraction: [ 0.38433333  0.368       0.356       0.36        0.377       0.361       0.39
  0.36933333  0.37466667  0.38433333  0.40166667  0.37066667  0.39366667
  0.33633333  0.367       0.359       0.35766667  0.36933333  0.38633333
  0.38433333  0.39        0.39266667  0.38666667  0.37233333  0.37566667
  0.37966667  0.361       0.37366667  0.34733333  0.388       0.38566667
  0.37766667  0.385       0.39466667  0.38233333  0.39833333  0.377       0.364
  0.38533333  0.38766667  0.36033333  0.403       0.4         0.347
  0.35533333  0.41233333  0.351       0.37866667  0.37166667  0.40266667
  0.39833333  0.40933333  0.38866667  0.39533333  0.39633333  0.39566667
  0.38733333  0.39        0.39333333  0.389       0.386       0.358
  0.40933333  0.386       0.346       0.38033333  0.35566667  0.381
  0.36733333  0.363       0.43466667  0.36533333  0.40666667  0.39866667
  0.38833333  0.38266667  0.358       0.37333333  0.35566667  0.40133333
  0.39233333  0.415       0.36333333  0.39433333  0.391       0.36533333
  0.38966667  0.39833333  0.40333333  0.41666667  0.37766667  0.362
  0.40733333  0.40233333  0.37066667  0.372       0.38533333  0.38033333
  0.39066667  0.37733333]
MCMC:  (-2.8638659755061506, 0.10814850016648059, 0.093690612370875392) (0.35078334262939043, 0.021016285887706376, 0.020953288990382901) (8.7016306226369409, 0.94824332092667873, 1.5476022394212183) (9.8605637885856403, 0.28300575498839997, 0.32474525381371322) (12.309791695042451, 0.0081486937397894366, 0.0088475738988620378) (19.926621745611964, 0.055423508301156943, 0.12051075245360821) (-23.804243006536545, 0.042195921852016482, 0.044667971058743206)
10.720002119
10.720002119
redoGupta's age for SN18375:  10.720002119
Running MCMC for initial position
Best position from initial search:  [ -2.85735569e+00   2.17198556e-02   1.68716744e+00   4.47485407e+00
   5.31423742e+00  -1.49728879e+00  -2.67558850e+01]
Running full MCMC fit
Acceptance fraction: [ 0.33266667  0.31466667  0.329       0.32033333  0.32533333  0.302
  0.32533333  0.29533333  0.31966667  0.29533333  0.25533333  0.30333333
  0.31666667  0.31266667  0.322       0.343       0.33266667  0.33933333
  0.317       0.32366667  0.31966667  0.31233333  0.29866667  0.346
  0.35633333  0.28133333  0.35166667  0.338       0.34966667  0.32133333
  0.32333333  0.316       0.30766667  0.34833333  0.34266667  0.299
  0.29766667  0.35466667  0.344       0.331       0.34366667  0.34366667
  0.33        0.343       0.318       0.34666667  0.34266667  0.319
  0.35166667  0.332       0.35266667  0.41233333  0.37466667  0.29733333
  0.342       0.34866667  0.34533333  0.31866667  0.33533333  0.344
  0.33433333  0.34366667  0.298       0.30433333  0.36466667  0.303
  0.37033333  0.299       0.33866667  0.303       0.33133333  0.373
  0.35533333  0.35933333  0.338       0.32033333  0.35633333  0.32733333
  0.317       0.30966667  0.26033333  0.35433333  0.343       0.29
  0.33566667  0.33366667  0.35366667  0.33466667  0.364       0.345
  0.33766667  0.32933333  0.327       0.329       0.38166667  0.34166667
  0.33166667  0.30633333  0.32366667  0.34766667]
MCMC:  (-2.8594289372300699, 0.10907288992187736, 0.096133860377705993) (0.0038306778466020265, 0.0058332032095913229, 0.002873676572049828) (5.0922284206604722, 3.3784450080246948, 3.3746492958347902) (4.9963814890453273, 0.093305178369540442, 0.15400208292334483) (5.1806403688727638, 0.13044191801052918, 0.083946274431974111) (-11.186859567550822, 6.0960999836043239, 6.0278792578953997) (-26.746505172540729, 0.011493249800871297, 0.010358708166467778)
12.0667428499
nan
redoGupta's age for SN18415:  12.0667428499
Running MCMC for initial position
Best position from initial search:  [ -2.71053516   0.30331761   5.84866032   8.76213146   8.77758244
  -5.36590771 -26.21729326]
Running full MCMC fit
Acceptance fraction: [ 0.33133333  0.342       0.33366667  0.345       0.34966667  0.34033333
  0.31066667  0.341       0.32266667  0.314       0.32466667  0.31866667
  0.346       0.31466667  0.29333333  0.34866667  0.29933333  0.31866667
  0.363       0.34366667  0.32933333  0.31766667  0.328       0.30733333
  0.33766667  0.354       0.345       0.30866667  0.325       0.33066667
  0.35766667  0.36166667  0.36066667  0.33166667  0.368       0.34066667
  0.333       0.32133333  0.34733333  0.36466667  0.33166667  0.38233333
  0.31366667  0.34366667  0.32633333  0.30566667  0.30866667  0.34166667
  0.34733333  0.353       0.298       0.338       0.37866667  0.31033333
  0.34266667  0.29633333  0.345       0.36266667  0.31433333  0.33266667
  0.31933333  0.31566667  0.321       0.32333333  0.308       0.317
  0.30433333  0.31666667  0.335       0.326       0.29266667  0.31366667
  0.35866667  0.34666667  0.347       0.33666667  0.29533333  0.33533333
  0.35866667  0.33166667  0.31166667  0.32466667  0.312       0.33766667
  0.29933333  0.352       0.343       0.308       0.30566667  0.373       0.292
  0.301       0.327       0.31966667  0.34766667  0.34633333  0.35733333
  0.382       0.31        0.282     ]
MCMC:  (-2.8430732680379789, 0.12607059418291655, 0.10796886821894658) (0.093122152037685493, 0.085917026186256476, 0.063218037622035581) (5.1545769587845722, 3.2948349723366857, 3.3621428302165919) (8.7618752769136954, 0.14106335792211411, 0.21928821520591946) (8.9976476630644839, 0.093051850517424484, 0.090665297739702666) (-11.812757565377604, 5.8455127292181857, 5.5396873339775698) (-25.894810886548331, 0.073165689839871817, 0.088129851930094816)
10.4409191417
nan
redoGupta's age for SN18485:  10.4409191417
Running MCMC for initial position
Best position from initial search:  [ -2.70638202   0.09618198   4.24598232   8.40641696  10.23398875
 -13.08432204 -22.38756235]
Running full MCMC fit
Acceptance fraction: [ 0.21866667  0.288       0.25566667  0.23633333  0.27433333  0.178
  0.22633333  0.269       0.221       0.23433333  0.258       0.24133333
  0.26233333  0.22633333  0.25933333  0.254       0.23666667  0.25633333
  0.25433333  0.238       0.25266667  0.24766667  0.243       0.27266667
  0.256       0.24266667  0.24433333  0.22833333  0.16433333  0.239
  0.23566667  0.242       0.25033333  0.254       0.27833333  0.26433333
  0.232       0.27233333  0.158       0.21733333  0.25166667  0.24033333
  0.25966667  0.26066667  0.22033333  0.245       0.24433333  0.26366667
  0.23        0.252       0.23633333  0.27066667  0.23666667  0.243
  0.22566667  0.281       0.26666667  0.26266667  0.27733333  0.23833333
  0.24433333  0.26266667  0.25666667  0.24866667  0.194       0.24466667
  0.24733333  0.25833333  0.27566667  0.25333333  0.28833333  0.21066667
  0.24933333  0.25733333  0.229       0.239       0.252       0.14366667
  0.27833333  0.21566667  0.26566667  0.16033333  0.26366667  0.25
  0.25466667  0.23433333  0.22533333  0.26933333  0.24933333  0.27466667
  0.25633333  0.20266667  0.24233333  0.24433333  0.27466667  0.26033333
  0.21133333  0.25366667  0.24733333  0.25133333]
MCMC:  (-2.6364779254431836, 0.44569018897635626, 0.24960524640152304) (0.28699191285156755, 0.42131616308476649, 0.21419212508639662) (5.4183358397751284, 3.103899653924671, 3.2619383753206668) (7.9635194005995222, 1.6198692928957099, 3.3046131405946229) (10.238587446972206, 0.43247559695279669, 0.85766594190007694) (-9.6535188891852197, 6.8926177643051387, 7.1136789687678341) (-22.789926912538302, 0.44079295598825752, 0.41392242698186621)
9.69136470631
nan
redoGupta's age for SN18486:  9.69136470631
Running MCMC for initial position
Best position from initial search:  [ -2.75505043   0.50049995   3.51521216   3.3717584   11.69039335
  14.5339386  -22.77106967]
Running full MCMC fit
Acceptance fraction: [ 0.26366667  0.25966667  0.26033333  0.11366667  0.15766667  0.24866667
  0.28466667  0.29266667  0.29333333  0.22033333  0.11466667  0.259       0.143
  0.28566667  0.28033333  0.16466667  0.25833333  0.25133333  0.17833333
  0.11666667  0.22033333  0.121       0.183       0.25033333  0.22766667
  0.289       0.228       0.288       0.28233333  0.25633333  0.18466667
  0.12833333  0.21        0.21133333  0.25966667  0.20566667  0.23366667
  0.129       0.24566667  0.229       0.136       0.24166667  0.185
  0.26733333  0.23966667  0.221       0.25266667  0.22        0.27533333
  0.17166667  0.203       0.22433333  0.22733333  0.215       0.13733333
  0.216       0.19766667  0.24566667  0.20366667  0.215       0.173       0.242
  0.22933333  0.22366667  0.161       0.20766667  0.21633333  0.236
  0.23566667  0.19066667  0.18366667  0.24633333  0.22933333  0.13333333
  0.216       0.25166667  0.24333333  0.209       0.22033333  0.21866667
  0.22433333  0.21533333  0.208       0.222       0.24566667  0.148       0.184
  0.23433333  0.21        0.16366667  0.22166667  0.20633333  0.21966667
  0.17833333  0.238       0.22733333  0.212       0.21133333  0.21066667
  0.185     ]
MCMC:  (-2.5527371731963906, 0.48355538985176905, 0.3016356700241376) (0.32256256088040464, 0.1493383097155474, 0.13680725304171551) (6.0183795708043037, 2.6890325430114617, 3.0832647179146955) (5.7585044357648796, 3.9964901491238587, 3.4028235152139494) (11.889341222133931, 0.091206396028525205, 0.28343160150789082) (16.468233242893675, 2.6230064627875009, 5.3003339743778142) (-22.219067257351821, 0.62956738087677877, 0.36867437068804421)
8.13678184537
8.13678184537
redoGupta's age for SN18602:  8.13678184537
Running MCMC for initial position
Best position from initial search:  [ -2.67889322e+00   8.78943913e-05   4.18576011e+00   4.68640421e+00
   4.87456325e+00  -8.82247927e+00  -2.67802449e+01]
Running full MCMC fit
Acceptance fraction: [ 0.30233333  0.35633333  0.32166667  0.266       0.34166667  0.28266667
  0.308       0.349       0.30766667  0.28866667  0.28066667  0.31066667
  0.30366667  0.30466667  0.24433333  0.25166667  0.25366667  0.323
  0.31333333  0.352       0.32233333  0.33166667  0.28966667  0.333
  0.30066667  0.307       0.30466667  0.30633333  0.286       0.305
  0.32866667  0.331       0.33233333  0.30533333  0.33466667  0.31833333
  0.31833333  0.32066667  0.31633333  0.34433333  0.30933333  0.299
  0.32066667  0.37133333  0.322       0.33633333  0.32766667  0.29766667
  0.31633333  0.32133333  0.32633333  0.334       0.283       0.315       0.296
  0.281       0.32333333  0.245       0.316       0.29        0.34866667
  0.34666667  0.341       0.30533333  0.27833333  0.32133333  0.31766667
  0.35033333  0.31966667  0.35666667  0.35833333  0.341       0.325
  0.31966667  0.33833333  0.30366667  0.357       0.29333333  0.316
  0.31233333  0.31        0.275       0.35566667  0.308       0.285
  0.32966667  0.32866667  0.3         0.277       0.326       0.29766667
  0.343       0.304       0.33966667  0.33066667  0.379       0.30333333
  0.356       0.30166667  0.36      ]
MCMC:  (-2.8557828001568462, 0.11660764016618508, 0.099207967466437896) (0.0030340437396253108, 0.0055604949306033071, 0.0023330300070915186) (5.0089874481928103, 3.3758489678383086, 3.4137013763780883) (4.4420002677842794, 0.19086823218716287, 0.27950574030581077) (4.8390119821747533, 0.29266169048712687, 0.19556409728442947) (-10.954249475651128, 6.2523858319145171, 6.2232682360841132) (-26.802389258787162, 0.024567429237421834, 0.018112549065811834)
11.4215531825
nan
redoGupta's age for SN18604:  11.4215531825
Running MCMC for initial position
Best position from initial search:  [ -2.92983089   0.34065385   4.37041931  10.1702324   12.25649341
  18.63665757 -25.09011163]
Running full MCMC fit
Acceptance fraction: [ 0.40033333  0.408       0.41166667  0.38833333  0.397       0.39833333
  0.37133333  0.402       0.37933333  0.37766667  0.39        0.40233333
  0.41666667  0.37766667  0.387       0.40366667  0.392       0.412
  0.35833333  0.39533333  0.416       0.38533333  0.42333333  0.37666667
  0.394       0.40233333  0.38266667  0.412       0.39966667  0.38533333
  0.403       0.41333333  0.38166667  0.37766667  0.37366667  0.40033333
  0.39933333  0.36366667  0.40833333  0.38933333  0.41833333  0.41133333
  0.39633333  0.382       0.40366667  0.40066667  0.415       0.40933333
  0.385       0.39366667  0.397       0.396       0.37066667  0.412
  0.42533333  0.40033333  0.39166667  0.35466667  0.386       0.422
  0.39233333  0.41233333  0.35966667  0.39333333  0.38266667  0.35833333
  0.366       0.41466667  0.382       0.36266667  0.37766667  0.36733333
  0.37        0.42566667  0.395       0.38766667  0.39866667  0.36066667
  0.43233333  0.40866667  0.38166667  0.407       0.38033333  0.365
  0.36666667  0.373       0.383       0.43466667  0.36366667  0.389
  0.38233333  0.37866667  0.42033333  0.37066667  0.42466667  0.38933333
  0.41066667  0.38766667  0.38666667  0.381     ]
MCMC:  (-2.889321584973092, 0.090268524519956816, 0.077249218506797668) (0.3023932448678065, 0.013741593328068347, 0.014088023661764204) (9.1148261677468074, 0.65233791871857427, 1.0919156953940536) (9.3397563610936043, 0.20171329465792986, 0.22107619892952535) (12.260643972526291, 0.0056931723001252266, 0.0058575003643515089) (19.958630659680988, 0.030917730166837742, 0.065635539662235232) (-25.183435769535947, 0.026365977870607793, 0.026972961293978415)
10.3756522022
10.3756522022
redoGupta's age for SN18612:  10.3756522022
Running MCMC for initial position
Best position from initial search:  [ -2.67362092   0.67529581   1.7520194    9.47140779   9.65775418
  -3.01945045 -24.3534511 ]
Running full MCMC fit
Acceptance fraction: [ 0.30333333  0.29533333  0.27666667  0.28533333  0.31133333  0.286       0.307
  0.27433333  0.32633333  0.31233333  0.29733333  0.25466667  0.27833333
  0.33433333  0.32866667  0.31333333  0.29733333  0.36        0.33533333
  0.29066667  0.32766667  0.286       0.308       0.278       0.28766667
  0.30033333  0.30566667  0.301       0.27166667  0.31466667  0.32966667
  0.31966667  0.316       0.28366667  0.25533333  0.27233333  0.284
  0.29233333  0.28633333  0.25666667  0.295       0.31433333  0.315
  0.28666667  0.294       0.32633333  0.29166667  0.277       0.306       0.302
  0.32133333  0.29366667  0.31133333  0.28733333  0.306       0.30733333
  0.311       0.345       0.35133333  0.209       0.31        0.34033333
  0.34233333  0.239       0.28366667  0.367       0.33866667  0.26666667
  0.29633333  0.273       0.32333333  0.35966667  0.29566667  0.318
  0.30266667  0.301       0.27433333  0.30366667  0.34733333  0.31666667
  0.32366667  0.32166667  0.30766667  0.299       0.32433333  0.31033333
  0.27066667  0.32233333  0.322       0.29766667  0.27333333  0.312       0.312
  0.31733333  0.30066667  0.317       0.29733333  0.30966667  0.335
  0.30966667]
MCMC:  (-2.7035361339717356, 0.25121219832081554, 0.20116141977409585) (0.18134531380455957, 0.24922764619000451, 0.13403809207532358) (5.3893894856042852, 3.1479449361072565, 3.4117203117289185) (9.2097942561049635, 0.26908777581399512, 0.78029427722394651) (9.6734800066983322, 0.15751025522774675, 0.15126383078206374) (-11.388894414859875, 6.2795486507112566, 5.8542440301566305) (-24.079057647351167, 0.20709062749220308, 0.26222382614421846)
9.86547880682
nan
redoGupta's age for SN18617:  9.86547880682
Running MCMC for initial position
Best position from initial search:  [ -2.35864578   0.44496013   9.99479308   8.35498552  11.86373145
   3.37937208 -21.78947083]
Running full MCMC fit
Acceptance fraction: [ 0.22233333  0.17733333  0.16966667  0.16366667  0.176       0.21333333
  0.20233333  0.19333333  0.19566667  0.21733333  0.214       0.12066667
  0.20333333  0.19933333  0.18266667  0.216       0.19566667  0.185
  0.20866667  0.18633333  0.181       0.21566667  0.175       0.18333333
  0.22633333  0.20833333  0.168       0.17866667  0.181       0.17966667
  0.11966667  0.20833333  0.17866667  0.18466667  0.17733333  0.17633333
  0.181       0.20133333  0.16533333  0.216       0.2         0.16866667
  0.154       0.191       0.22133333  0.19466667  0.13633333  0.19866667
  0.209       0.18833333  0.18266667  0.225       0.19766667  0.164
  0.19633333  0.196       0.19333333  0.22333333  0.20166667  0.207
  0.20433333  0.15033333  0.21833333  0.191       0.211       0.21533333
  0.19        0.17466667  0.187       0.219       0.194       0.18433333
  0.201       0.16333333  0.14        0.21766667  0.18333333  0.20566667
  0.11733333  0.13066667  0.21333333  0.19733333  0.18933333  0.207
  0.22233333  0.15766667  0.12433333  0.215       0.153       0.20666667
  0.18766667  0.135       0.206       0.19433333  0.18266667  0.16766667
  0.161       0.209       0.20633333  0.166     ]/afs/crc.nd.edu/user/b/brose3/.local/lib/python3.5/site-packages/emcee/ensemble.py:335: RuntimeWarning: invalid value encountered in subtract
  lnpdiff = (self.dim - 1.) * np.log(zz) + newlnprob - lnprob0
/afs/crc.nd.edu/user/b/brose3/.local/lib/python3.5/site-packages/emcee/ensemble.py:336: RuntimeWarning: invalid value encountered in greater
  accept = (lnpdiff > np.log(self._random.rand(len(lnpdiff))))
/afs/crc.nd.edu/user/b/brose3/Private/SNIa-Local-Environments/calculateAge.py:505: UserWarning: Getting zero integrated SFH, check log.
  warnings.warn('Getting zero integrated SFH, check log.')
/afs/crc.nd.edu/x86_64_linux/p/python/3.5.2/build/lib/python3.5/site-packages/scipy/integrate/quadpack.py:356: IntegrationWarning: The integral is probably divergent, or slowly convergent.
  warnings.warn(msg, IntegrationWarning)
/afs/crc.nd.edu/user/b/brose3/Private/SNIa-Local-Environments/calculateAge.py:518: RuntimeWarning: invalid value encountered in true_divide
  age = ageOfUniverse.to('Gyr').value - numerator/denominator
/afs/crc.nd.edu/x86_64_linux/p/python/3.5.2/build/lib/python3.5/site-packages/numpy/lib/function_base.py:3569: RuntimeWarning: Invalid value encountered in median
  RuntimeWarning)

MCMC:  (-2.5810473954504558, 0.42458493616012261, 0.29650894673003814) (0.30067227523669304, 0.16459472211697523, 0.14226494507666571) (6.418532612854464, 2.4497504382977775, 3.2605700088049807) (5.9169675759725919, 2.6223319876834452, 3.28488324754702) (12.052575303709432, 0.21072580088986825, 1.4631395623002739) (11.044589654341005, 5.5596587995382105, 5.5731461419568049) (-21.925752071456795, 0.35754836532879963, 0.19597223250196905)
8.24163589527
8.24163589527
redoGupta's age for SN18650:  8.24163589527
Running MCMC for initial position
Best position from initial search:  [ -2.86545751   0.10356961   2.16141695   7.65610629   7.78268135
  -9.52717842 -26.66373758]
Running full MCMC fit
Acceptance fraction: [ 0.33333333  0.391       0.32766667  0.322       0.342       0.35133333
  0.32733333  0.34233333  0.32566667  0.324       0.35566667  0.325       0.347
  0.282       0.309       0.301       0.317       0.324       0.318       0.308
  0.32133333  0.307       0.34133333  0.34333333  0.345       0.32466667
  0.29166667  0.31233333  0.33566667  0.34933333  0.337       0.34
  0.32933333  0.32533333  0.274       0.326       0.32066667  0.32333333
  0.35933333  0.328       0.34333333  0.321       0.31433333  0.27333333
  0.32833333  0.335       0.33233333  0.30433333  0.33533333  0.304       0.289
  0.36533333  0.299       0.30966667  0.319       0.30933333  0.338
  0.31566667  0.33366667  0.35266667  0.342       0.34033333  0.31166667
  0.30633333  0.328       0.329       0.27066667  0.276       0.31733333
  0.27366667  0.32033333  0.34766667  0.31066667  0.34133333  0.348
  0.30266667  0.35766667  0.26233333  0.323       0.307       0.351       0.336
  0.364       0.355       0.318       0.313       0.30766667  0.33066667
  0.324       0.369       0.34333333  0.36266667  0.27233333  0.33266667
  0.31166667  0.354       0.311       0.34        0.31233333  0.31766667]
MCMC:  (-2.8336954446303526, 0.12606742040808028, 0.11397627310710812) (0.049511970693204947, 0.061686791800587844, 0.035524257785785635) (5.0439079727095599, 3.3626746840867643, 3.3542391825519546) (7.7525222008622876, 0.12961504207853292, 0.23176866260161688) (7.9836671361001841, 0.11049157131665588, 0.087573968436186256) (-12.069853209477248, 5.9811676484378973, 5.5061189117917344) (-26.461201729510442, 0.064440447925058209, 0.076368037922815546)
9.36625231572
nan
redoGupta's age for SN18721:  9.36625231572
