[1] 2451
Running MCMC for initial position
Best position from initial search:  [ -2.34657629   0.03875362   2.5691375    7.94873763   8.48401753
  -2.26325767 -24.00102882]
Running full MCMC fit
Acceptance fraction: [ 0.24566667  0.24666667  0.29566667  0.244       0.271       0.28        0.243
  0.27866667  0.26433333  0.25566667  0.26733333  0.28666667  0.25266667
  0.226       0.228       0.24733333  0.29133333  0.232       0.29066667
  0.25366667  0.25566667  0.249       0.27        0.24266667  0.25966667
  0.26366667  0.268       0.268       0.271       0.26433333  0.275
  0.23066667  0.24633333  0.25366667  0.25333333  0.145       0.20933333
  0.26233333  0.25966667  0.262       0.27        0.26033333  0.24133333
  0.26766667  0.227       0.314       0.26466667  0.28766667  0.28866667
  0.26766667  0.28766667  0.28266667  0.317       0.274       0.28666667
  0.298       0.284       0.27566667  0.247       0.271       0.28266667
  0.31266667  0.23366667  0.31366667  0.25866667  0.29033333  0.26866667
  0.27833333  0.29433333  0.26166667  0.30566667  0.266       0.27366667
  0.26266667  0.307       0.30133333  0.27166667  0.28733333  0.28333333
  0.287       0.24233333  0.27766667  0.24033333  0.29766667  0.27866667
  0.29633333  0.27166667  0.131       0.28466667  0.261       0.29266667
  0.24966667  0.234       0.32866667  0.29933333  0.28566667  0.25        0.083
  0.269       0.29133333]
MCMC:  (-2.6488460931634452, 0.34286423053821347, 0.23860103105234787) (0.27502097885534937, 0.40676751900035579, 0.20382424552549494) (5.2384839657478155, 3.1842648925146575, 3.2154751840006854) (7.5690917956809329, 0.95299082781147604, 2.0085951807716658) (8.8448840256286019, 0.22945049030896847, 0.39573497630956922) (-10.112935695063777, 6.6070075641560413, 6.7873809848876245) (-24.457118691347439, 0.3936699599424287, 0.44949434156581347)
8.62407359202
nan
redoGupta's age for SN19211:  8.62407359202
Running MCMC for initial position
Best position from initial search:  [ -2.92954843   0.16703651   6.43826621   6.53502546   9.17094519
  -5.37526905 -25.26526652]
Running full MCMC fit
Acceptance fraction: [ 0.23833333  0.19466667  0.24        0.254       0.227       0.26533333
  0.22466667  0.26333333  0.225       0.278       0.20033333  0.23966667
  0.274       0.25066667  0.25066667  0.25133333  0.261       0.236
  0.25366667  0.20833333  0.24233333  0.235       0.247       0.24733333
  0.266       0.25166667  0.217       0.27466667  0.269       0.244
  0.22866667  0.19366667  0.22766667  0.219       0.25433333  0.218
  0.19866667  0.19833333  0.26366667  0.23166667  0.23933333  0.264
  0.22433333  0.21266667  0.22966667  0.22166667  0.232       0.24633333
  0.288       0.27833333  0.27833333  0.23033333  0.29566667  0.23333333
  0.28533333  0.242       0.24166667  0.26633333  0.24866667  0.24033333
  0.24666667  0.231       0.25266667  0.24166667  0.23033333  0.276       0.225
  0.26933333  0.27733333  0.20433333  0.233       0.262       0.253
  0.25033333  0.246       0.22433333  0.22166667  0.24266667  0.231
  0.12733333  0.21766667  0.208       0.22033333  0.27        0.26066667
  0.29133333  0.15266667  0.25933333  0.20833333  0.24466667  0.24033333
  0.235       0.27        0.27966667  0.20933333  0.262       0.254       0.27
  0.259       0.30366667]
MCMC:  (-2.8085730604834169, 0.1536626924820883, 0.13288295971437458) (0.070716118822503282, 0.25706139656184596, 0.055184585310834561) (5.5526342906755506, 3.0613949253094344, 3.6755700593268745) (7.6062216827209248, 1.2661472628760944, 1.2750865178007924) (9.0148270292587025, 0.43128071386315447, 0.69895839827729667) (-10.658453478677712, 6.248882724298026, 6.3942378141105554) (-25.210354603276166, 0.080779646034230268, 0.095951316673030362)
10.5023930608
nan
redoGupta's age for SN19230:  10.5023930608
Running MCMC for initial position
Best position from initial search:  [ -2.65536051   0.20332932   6.46860871   1.92180002   7.53516405
   5.16057411 -21.41666107]
Running full MCMC fit
Acceptance fraction: [ 0.25466667  0.24533333  0.273       0.20866667  0.24533333  0.248
  0.21833333  0.266       0.232       0.14833333  0.21766667  0.231
  0.25633333  0.26        0.24533333  0.25433333  0.24766667  0.24066667
  0.21        0.252       0.233       0.253       0.252       0.26
  0.22933333  0.24966667  0.245       0.28133333  0.27433333  0.211       0.245
  0.242       0.314       0.188       0.256       0.25033333  0.25433333
  0.224       0.255       0.16433333  0.24733333  0.22533333  0.224       0.24
  0.23966667  0.26633333  0.24866667  0.26466667  0.126       0.275       0.278
  0.24733333  0.23666667  0.27433333  0.254       0.25766667  0.16533333
  0.24966667  0.188       0.25433333  0.249       0.21933333  0.262       0.22
  0.212       0.261       0.25666667  0.18033333  0.24733333  0.269
  0.26866667  0.18966667  0.263       0.22        0.27933333  0.27266667
  0.18733333  0.27166667  0.24233333  0.28566667  0.247       0.26533333
  0.24533333  0.28        0.24933333  0.24366667  0.28633333  0.25933333
  0.26333333  0.25366667  0.24733333  0.25633333  0.26966667  0.195
  0.25766667  0.184       0.231       0.209       0.23066667  0.21333333]
MCMC:  (-2.4180666006845906, 0.69792968351730145, 0.40006582617079278) (0.21759998139680192, 0.27759292275546871, 0.15321660892921904) (5.3188799457828759, 3.3323243990319815, 3.0022238112605111) (4.3079649796356358, 3.3880671675566196, 2.6207763943020881) (8.6588357304998578, 1.7497167761008203, 2.6336623426019345) (10.29681015998923, 6.6749594043029514, 6.4621167267105069) (-21.324738739595571, 0.44325904759712031, 0.40605102966137707)
6.15522942658
6.15522942658
redoGupta's age for SN19282:  6.15522942658
Running MCMC for initial position
Best position from initial search:  [ -2.69283739e+00   1.93522865e-02   1.72204752e+00   4.76160797e+00
   7.87007917e+00  -3.49888960e+00  -2.65390922e+01]
Running full MCMC fit
Acceptance fraction: [ 0.227       0.257       0.25666667  0.28833333  0.19933333  0.26066667
  0.27266667  0.29266667  0.30533333  0.21666667  0.26033333  0.287
  0.25533333  0.21466667  0.24066667  0.288       0.28333333  0.29066667
  0.28233333  0.27033333  0.28033333  0.327       0.29233333  0.277
  0.27333333  0.28533333  0.237       0.29533333  0.25866667  0.29766667
  0.26066667  0.28233333  0.29133333  0.27466667  0.249       0.25333333
  0.27066667  0.276       0.27133333  0.24033333  0.25533333  0.11933333
  0.24366667  0.242       0.28733333  0.272       0.29733333  0.30133333
  0.28033333  0.26133333  0.30333333  0.321       0.041       0.255
  0.28433333  0.29366667  0.28366667  0.28666667  0.24366667  0.27
  0.29233333  0.27733333  0.285       0.292       0.274       0.31866667
  0.28133333  0.28566667  0.28166667  0.30666667  0.29366667  0.29833333
  0.31833333  0.31033333  0.317       0.31833333  0.283       0.25733333
  0.25233333  0.16766667  0.30466667  0.30266667  0.29233333  0.27866667
  0.22        0.04766667  0.301       0.28533333  0.318       0.30833333
  0.25033333  0.131       0.29466667  0.04733333  0.285       0.24
  0.26533333  0.23533333  0.27933333  0.30366667]
MCMC:  (-2.8357154863898448, 0.13833266963934365, 0.11023493512517701) (0.037893402929123056, 0.071235023383580981, 0.028743896107031638) (5.1959718204329732, 3.3150630924322826, 3.5157957528766755) (6.7763615639275265, 0.70450166454449459, 0.9234407501361046) (7.940891470866168, 0.30491398686453941, 0.51138687756333656) (-10.523834359472616, 6.3728251506232931, 6.0750130795670394) (-26.420376663674435, 0.058514661983242178, 0.059193060675749365)
10.3912755066
nan
redoGupta's age for SN19341:  10.3912755066
Running MCMC for initial position
Best position from initial search:  [ -2.76780253e+00   4.47783263e-03   8.22645922e-01   4.23017563e+00
   5.03847799e+00  -1.38046443e+00  -2.67337594e+01]
Running full MCMC fit
Acceptance fraction: [ 0.27866667  0.28066667  0.32333333  0.29966667  0.19666667  0.25466667
  0.30833333  0.069       0.31566667  0.26466667  0.27833333  0.29533333
  0.29333333  0.324       0.30666667  0.29066667  0.32766667  0.29766667
  0.31433333  0.28933333  0.31233333  0.31533333  0.29666667  0.31933333
  0.31        0.30266667  0.29566667  0.30866667  0.28633333  0.28766667
  0.31766667  0.33033333  0.23233333  0.3         0.287       0.321
  0.29533333  0.269       0.35433333  0.315       0.28733333  0.064       0.25
  0.24833333  0.28066667  0.22        0.28866667  0.31733333  0.32766667
  0.28833333  0.30133333  0.3         0.251       0.30233333  0.29933333
  0.21033333  0.30733333  0.272       0.291       0.27833333  0.29333333
  0.27        0.25966667  0.28633333  0.28566667  0.28633333  0.063
  0.22533333  0.236       0.29366667  0.29433333  0.154       0.27666667
  0.30833333  0.28566667  0.312       0.316       0.27766667  0.29733333
  0.31833333  0.27833333  0.279       0.102       0.29066667  0.25866667
  0.27433333  0.27466667  0.32966667  0.263       0.24866667  0.301
  0.33433333  0.30333333  0.32166667  0.28633333  0.22966667  0.30766667
  0.26233333  0.309       0.321     ]
MCMC:  (-2.8415568673599583, 0.13072808245081946, 0.10887627504327746) (0.0063387106775534222, 0.011003311239946757, 0.0047578692044986208) (4.7538169625500633, 3.5907846300818189, 3.441563785334433) (4.7339716175563291, 0.4684187544865086, 0.56271173485118986) (5.6154382859608569, 0.48273313089024228, 0.38877995622238526) (-9.8149002897066904, 6.4082426630629303, 6.8096055013101537) (-26.682871988912343, 0.035273220744162614, 0.03609174464348186)
11.3984509789
nan
redoGupta's age for SN19353:  11.3984509789
Running MCMC for initial position
Best position from initial search:  [ -2.9189757    0.16890324   5.91416796   3.45536827  10.61180128
  17.83280351 -23.57299329]
Running full MCMC fit
Acceptance fraction: [ 0.37        0.37166667  0.36633333  0.322       0.38833333  0.36466667
  0.37866667  0.347       0.39133333  0.34933333  0.35066667  0.37333333
  0.378       0.378       0.376       0.35566667  0.39366667  0.365       0.37
  0.368       0.33833333  0.361       0.39833333  0.35533333  0.39833333
  0.376       0.368       0.36833333  0.408       0.32566667  0.35466667
  0.396       0.368       0.386       0.374       0.36233333  0.39266667
  0.35566667  0.37733333  0.35833333  0.34233333  0.35566667  0.366
  0.33733333  0.38633333  0.37266667  0.39066667  0.36166667  0.35033333
  0.36233333  0.37733333  0.35233333  0.35933333  0.358       0.38633333
  0.34433333  0.37566667  0.361       0.361       0.362       0.363
  0.38666667  0.405       0.39733333  0.348       0.33966667  0.34133333
  0.40766667  0.37366667  0.381       0.373       0.38833333  0.37866667
  0.363       0.37        0.374       0.38066667  0.34033333  0.357       0.382
  0.37966667  0.35566667  0.357       0.36333333  0.37366667  0.37633333
  0.37533333  0.374       0.39        0.36933333  0.35766667  0.37666667
  0.36333333  0.36766667  0.349       0.36933333  0.35433333  0.38933333
  0.38266667  0.361     ]
MCMC:  (-2.7111990963785582, 0.20079129582112376, 0.19252512507435693) (0.55814418362116469, 0.031969873989987407, 0.03082792969095649) (5.1104569091929282, 3.2273871096860276, 3.3147504565146413) (11.290744920662469, 0.00065612720796082158, 0.00099199716712305985) (11.291996761995041, 0.00068457984699321628, 0.00077512494962128642) (-9.7762610421803764, 18.643936559149594, 7.8086390110333923) (-20.605600083037775, 0.11183498472406228, 0.13788128016632228)
11.2963693112
nan
redoGupta's age for SN19425:  11.2963693112
Running MCMC for initial position
Best position from initial search:  [ -2.58116985   0.28167847   1.89494567   9.28463036  11.85949432
   8.48002975 -20.74052993]
Running full MCMC fit
Acceptance fraction: [ 0.235       0.24533333  0.27033333  0.222       0.24333333  0.23866667
  0.203       0.24633333  0.252       0.254       0.22066667  0.24833333
  0.21633333  0.22633333  0.258       0.22366667  0.23566667  0.21733333
  0.22233333  0.21233333  0.25666667  0.27066667  0.22766667  0.21766667
  0.207       0.22733333  0.24133333  0.21466667  0.20833333  0.21933333
  0.26133333  0.21033333  0.154       0.24966667  0.207       0.18733333
  0.20866667  0.20466667  0.216       0.14566667  0.231       0.21
  0.22333333  0.23966667  0.259       0.22233333  0.20766667  0.203
  0.24466667  0.20466667  0.22233333  0.27233333  0.052       0.24566667
  0.225       0.22        0.25233333  0.233       0.20466667  0.253       0.25
  0.21966667  0.273       0.234       0.194       0.22966667  0.21366667
  0.17266667  0.25766667  0.193       0.134       0.23566667  0.23066667
  0.21066667  0.226       0.24066667  0.251       0.18266667  0.267
  0.21166667  0.23666667  0.09633333  0.27366667  0.22066667  0.23033333
  0.259       0.24233333  0.245       0.25933333  0.21366667  0.23533333
  0.27333333  0.235       0.24266667  0.20066667  0.26633333  0.244
  0.19966667  0.21766667  0.24766667]
MCMC:  (-2.459745377873535, 0.54482092540539973, 0.36486255687048574) (0.26264014830354804, 0.1830525201743472, 0.14121142193343786) (5.7835349056635614, 2.9753376762157817, 3.0637964880824429) (7.1349534360372795, 3.1926502823690681, 3.8340545420763359) (12.013556788221434, 0.13691947599172849, 0.33095676707175059) (15.314980062579517, 3.3594928900585099, 5.4422835399990852) (-20.949157037549977, 0.49624449009938587, 0.37108179380802042)
8.95017722488
8.95017722488
redoGupta's age for SN19543:  8.95017722488
Running MCMC for initial position
Best position from initial search:  [ -2.91744455   0.70921046   4.94668142   8.27423325  10.12619174
  -4.53811114 -24.70769142]
Running full MCMC fit
Acceptance fraction: [ 0.23866667  0.253       0.23566667  0.259       0.21533333  0.24766667
  0.23        0.23766667  0.24433333  0.23933333  0.23466667  0.23633333
  0.242       0.221       0.23666667  0.23433333  0.25366667  0.24        0.241
  0.24        0.24833333  0.239       0.25566667  0.26366667  0.24566667
  0.194       0.24033333  0.25        0.236       0.23933333  0.25066667
  0.221       0.19333333  0.25966667  0.24866667  0.26033333  0.24533333
  0.23866667  0.23166667  0.25333333  0.25066667  0.255       0.24933333
  0.26666667  0.241       0.246       0.25533333  0.273       0.253       0.235
  0.27133333  0.284       0.264       0.24933333  0.25366667  0.29
  0.28433333  0.27133333  0.27033333  0.304       0.10066667  0.22966667
  0.143       0.26466667  0.247       0.274       0.25933333  0.255       0.245
  0.24666667  0.22433333  0.28466667  0.28266667  0.234       0.25033333
  0.19366667  0.16266667  0.241       0.227       0.23166667  0.25733333
  0.25966667  0.20666667  0.238       0.257       0.264       0.24166667
  0.283       0.25066667  0.28166667  0.26833333  0.26633333  0.26866667
  0.25933333  0.23033333  0.27233333  0.26366667  0.27466667  0.29666667
  0.242     ]
MCMC:  (-2.6334318594400865, 0.43454442285193595, 0.2406660142057282) (0.25024899955225477, 0.37326669004320356, 0.18917519891852302) (5.0205150560569738, 3.2414636816334035, 2.9698604487150249) (9.1187167243294507, 0.64611538872367547, 2.2856812305710843) (10.05680247114358, 0.23840647148255911, 0.32423012494827042) (-9.5666957028430133, 8.3843756021578919, 7.0564886493251429) (-24.055062161247093, 0.35354893114002195, 0.41672796532319367)
9.86289727596
nan
redoGupta's age for SN19596:  9.86289727596
Running MCMC for initial position
Best position from initial search:  [  4.82366532e-01   7.06041602e-03   3.38182894e+00   2.63416020e+00
   4.83332060e+00  -6.07525711e+00  -2.58807854e+01]
Running full MCMC fit
Acceptance fraction: [ 0.24966667  0.22766667  0.15        0.24033333  0.126       0.23033333
  0.257       0.24833333  0.23366667  0.15866667  0.16733333  0.15933333
  0.24466667  0.265       0.25633333  0.222       0.23866667  0.23766667
  0.223       0.24633333  0.25833333  0.242       0.248       0.25966667
  0.24866667  0.24133333  0.222       0.23866667  0.255       0.24733333
  0.22566667  0.25633333  0.273       0.24366667  0.23466667  0.245
  0.26533333  0.23166667  0.24633333  0.11366667  0.254       0.24533333
  0.24        0.24433333  0.24066667  0.22766667  0.212       0.23766667
  0.25466667  0.20466667  0.23266667  0.26066667  0.24366667  0.226
  0.24233333  0.268       0.25733333  0.24633333  0.23766667  0.21766667
  0.22333333  0.26066667  0.23        0.24366667  0.239       0.16833333
  0.22033333  0.14733333  0.22533333  0.248       0.228       0.21
  0.23966667  0.241       0.244       0.26633333  0.27        0.26866667
  0.22566667  0.26466667  0.25166667  0.11833333  0.267       0.25466667
  0.133       0.25266667  0.281       0.26833333  0.26366667  0.185       0.243
  0.27833333  0.26233333  0.20333333  0.21333333  0.28533333  0.227       0.199
  0.24033333  0.244     ]
MCMC:  (0.22163328907216465, 0.20121989839081897, 0.38801277358640041) (0.36385773328106996, 0.57624163108730553, 0.27743176205704345) (4.2413948403182467, 3.7760287005109348, 3.4257883643316882) (2.6511099903203119, 2.478338057271829, 1.488447626039735) (6.4142879354089928, 2.4173455400734056, 2.8418825162094064) (-9.6688729695039335, 7.3043523806464004, 7.0862357025883149) (-26.032122988061076, 0.4120425668356944, 0.44463819185085285)
8.95565996652
nan
redoGupta's age for SN19604:  8.95565996652
Running MCMC for initial position
Best position from initial search:  [ -2.96823307   0.58742118   3.31376371  10.95872465  12.28821928
  19.06153669 -24.45177114]
Running full MCMC fit
Acceptance fraction: [ 0.33033333  0.35333333  0.36        0.349       0.37033333  0.398
  0.35666667  0.329       0.37866667  0.377       0.37133333  0.352
  0.35066667  0.36733333  0.37233333  0.40766667  0.38533333  0.376
  0.37566667  0.39833333  0.37033333  0.31566667  0.35166667  0.375       0.374
  0.40666667  0.37766667  0.40466667  0.406       0.404       0.399
  0.38133333  0.37566667  0.36566667  0.35966667  0.36633333  0.39233333
  0.35833333  0.37        0.37833333  0.30333333  0.35266667  0.36466667
  0.38566667  0.37333333  0.37        0.35833333  0.36133333  0.341
  0.37166667  0.388       0.38166667  0.36766667  0.37933333  0.375       0.381
  0.346       0.39866667  0.38166667  0.38666667  0.32566667  0.40433333
  0.36466667  0.38866667  0.36633333  0.37466667  0.37866667  0.38133333
  0.371       0.365       0.367       0.35333333  0.39966667  0.36766667
  0.37633333  0.33666667  0.34766667  0.35433333  0.396       0.34833333
  0.39033333  0.39066667  0.388       0.38066667  0.386       0.423
  0.34233333  0.372       0.345       0.37        0.387       0.37633333
  0.388       0.35033333  0.36733333  0.41533333  0.367       0.36766667
  0.35566667  0.38266667]
MCMC:  (-2.8535866249555997, 0.11916811454096177, 0.1007618833383499) (0.33046625315252753, 0.023355540771562266, 0.022954475340582481) (8.6803899742634698, 0.97226653683021169, 1.6309975341165117) (7.5861338376479202, 0.48889103196445038, 0.5275370074381085) (12.265815044399531, 0.0091783519712933526, 0.009961314005774824) (19.895752316361669, 0.077956446388743217, 0.17090114102864362) (-24.732243211230909, 0.044576046590997009, 0.045231046025165256)
9.31619709543
9.31619709543
redoGupta's age for SN19626:  9.31619709543
Running MCMC for initial position
Best position from initial search:  [ -2.85635898   0.97438104   3.89936143   6.74822868   8.64949271
  -5.92212854 -27.13128495]
Running full MCMC fit
Acceptance fraction: [ 0.33366667  0.13866667  0.35533333  0.341       0.362       0.313       0.333
  0.33366667  0.35366667  0.32633333  0.33533333  0.322       0.377       0.338
  0.318       0.36033333  0.368       0.316       0.29666667  0.29533333
  0.33533333  0.37233333  0.37133333  0.34133333  0.28066667  0.31433333
  0.35533333  0.309       0.355       0.28433333  0.36333333  0.34033333
  0.31533333  0.32633333  0.34533333  0.35533333  0.37033333  0.34133333
  0.35233333  0.322       0.314       0.32333333  0.32666667  0.346
  0.35833333  0.31866667  0.329       0.277       0.34466667  0.31133333
  0.26566667  0.31466667  0.313       0.33966667  0.31433333  0.33066667
  0.33066667  0.33866667  0.32        0.34433333  0.32        0.31866667
  0.359       0.34233333  0.345       0.35233333  0.29233333  0.30766667
  0.344       0.333       0.31033333  0.35733333  0.34666667  0.327
  0.32366667  0.34333333  0.308       0.31066667  0.312       0.336       0.314
  0.33766667  0.315       0.31433333  0.31366667  0.36833333  0.33033333
  0.305       0.32166667  0.30433333  0.34766667  0.309       0.29833333
  0.305       0.33133333  0.36466667  0.343       0.32233333  0.35266667
  0.332     ]
MCMC:  (-2.825135698053661, 0.13836101668382916, 0.12159535954521949) (1.1544462608030628, 0.15281144972487626, 0.16159007003993975) (5.2373074392874006, 3.2618735186597227, 3.3211080451599782) (8.301419692971713, 0.22731590360113252, 0.42753777111069269) (8.6706643881266068, 0.1263275380841673, 0.14607140116248729) (-11.912720588213332, 6.203725841782151, 5.6723940069863339) (-27.13152390525196, 0.14759942872358067, 0.14735516260753911)
10.0497106815
nan
redoGupta's age for SN19632:  10.0497106815
Running MCMC for initial position
Best position from initial search:  [ -2.78759913e+00   9.46340019e-03   6.17431279e-01   8.63155474e+00
   1.04304662e+01  -7.86625537e+00  -2.20457022e+01]
Running full MCMC fit
Acceptance fraction: [ 0.21066667  0.22266667  0.224       0.20066667  0.23033333  0.217
  0.22866667  0.218       0.226       0.18466667  0.19866667  0.20033333
  0.18466667  0.23266667  0.22766667  0.18533333  0.194       0.223
  0.19866667  0.24966667  0.148       0.21366667  0.24        0.23133333
  0.22966667  0.21033333  0.20666667  0.19466667  0.19566667  0.21433333
  0.206       0.21966667  0.194       0.176       0.183       0.208       0.187
  0.232       0.23666667  0.196       0.21166667  0.206       0.21833333
  0.198       0.15566667  0.216       0.199       0.233       0.17266667
  0.24233333  0.229       0.247       0.20666667  0.19466667  0.22666667
  0.09666667  0.20166667  0.24166667  0.195       0.224       0.206
  0.19466667  0.20133333  0.182       0.21366667  0.21666667  0.217
  0.18533333  0.11033333  0.156       0.224       0.069       0.216
  0.24433333  0.21033333  0.107       0.18566667  0.2         0.18133333
  0.22433333  0.20233333  0.20633333  0.22666667  0.21166667  0.21433333
  0.218       0.21766667  0.219       0.21        0.201       0.21033333
  0.23766667  0.21666667  0.22533333  0.16566667  0.228       0.22
  0.21666667  0.22733333  0.20966667]
MCMC:  (-2.4824767241033792, 0.95977605311882486, 0.36047367407200026) (0.37832878761255495, 0.63354042172259395, 0.29871771998805102) (5.0525128297904489, 3.4552848675279551, 3.2413110351807743) (7.1579636692811208, 2.3726554805951894, 3.8184116215210206) (10.577980719814819, 0.59902720802786469, 1.453549491047168) (-5.6286310187220048, 13.778164829931683, 9.4565352718181757) (-22.394521018860051, 0.55106113032327286, 0.46677878051074728)
9.29286584064
nan
redoGupta's age for SN19658:  9.29286584064
Running MCMC for initial position
Best position from initial search:  [ -2.74698901   0.23015715   3.00377408   6.42886006   9.46618256
 -16.63291667 -23.99536136]
Running full MCMC fit
Acceptance fraction: [ 0.273       0.26766667  0.23766667  0.24        0.24233333  0.26433333
  0.20633333  0.268       0.28833333  0.23866667  0.21066667  0.21966667
  0.24166667  0.27966667  0.24266667  0.26133333  0.24466667  0.255
  0.26633333  0.27033333  0.27133333  0.25266667  0.20266667  0.269       0.284
  0.25566667  0.26433333  0.23666667  0.27366667  0.24533333  0.28266667
  0.26966667  0.231       0.23966667  0.28133333  0.25533333  0.25066667
  0.25433333  0.27633333  0.22733333  0.26266667  0.27466667  0.277
  0.19633333  0.27366667  0.24866667  0.27433333  0.231       0.24766667
  0.256       0.26133333  0.25233333  0.23633333  0.247       0.276
  0.27966667  0.25933333  0.27466667  0.23033333  0.245       0.26
  0.25433333  0.268       0.25333333  0.25366667  0.23833333  0.272
  0.24766667  0.26366667  0.25        0.276       0.25033333  0.19933333
  0.23766667  0.28733333  0.24833333  0.252       0.21566667  0.23733333
  0.27666667  0.289       0.217       0.251       0.26666667  0.26766667
  0.262       0.22533333  0.29033333  0.24533333  0.27433333  0.26233333
  0.28166667  0.265       0.26933333  0.26        0.27466667  0.258       0.257
  0.283       0.24266667]
MCMC:  (-2.712030832055178, 0.24499951103590334, 0.19904708353583977) (0.17700443737204755, 0.32301428475552596, 0.13526078974843039) (5.2595682480108028, 3.2130756787204664, 3.1696027447871633) (5.9610650959411693, 2.1902430516509259, 2.7664123017553139) (9.1719969856107788, 0.78299297030776316, 1.3293751931422548) (-11.060881817264832, 6.9527055504741524, 6.2310318462532237) (-24.11149263075108, 0.21947887085535456, 0.21781737730701067)
9.50054592193
9.50054592193
redoGupta's age for SN19757:  9.50054592193
Running MCMC for initial position
Best position from initial search:  [ -2.79958113   0.05288122   4.93286884   5.81919934  11.14640672
  -0.30404359 -23.96243183]
Running full MCMC fit
Acceptance fraction: [ 0.13633333  0.217       0.12666667  0.263       0.269       0.255
  0.28833333  0.28833333  0.25566667  0.276       0.24566667  0.316
  0.31466667  0.277       0.276       0.28533333  0.30233333  0.29433333
  0.26166667  0.31166667  0.13466667  0.05366667  0.29533333  0.31833333
  0.29        0.25        0.26966667  0.29766667  0.269       0.286       0.267
  0.27666667  0.242       0.27933333  0.30566667  0.28        0.28133333
  0.28        0.267       0.25633333  0.28366667  0.29733333  0.30266667
  0.28933333  0.24833333  0.32566667  0.229       0.29133333  0.244
  0.31766667  0.267       0.24366667  0.25033333  0.243       0.269       0.295
  0.29766667  0.30066667  0.273       0.26966667  0.252       0.28866667
  0.17866667  0.27433333  0.287       0.276       0.306       0.27366667
  0.25833333  0.24766667  0.31633333  0.31333333  0.13833333  0.265
  0.22033333  0.30533333  0.275       0.30733333  0.27666667  0.31
  0.31233333  0.249       0.25266667  0.30133333  0.26        0.29866667
  0.26066667  0.29133333  0.28833333  0.261       0.27133333  0.26366667
  0.26        0.27666667  0.315       0.29133333  0.26766667  0.276
  0.29033333  0.27066667][1] 12411
